1.000000000 0.000000000 0.000000000 0.000000000 0.000000000 1.000000000 0.000000000 0.000000000 0.000000000 0.000000000 1.000000000 0.000000000
0.999993742 -0.000256586 -0.003525288 -0.011038083 0.000260298 0.999999404 0.001052619 -0.025457378 0.003525015 -0.001053530 0.999993205 1.949865580
0.999981105 -0.000027069 -0.006144652 -0.037121903 0.000030263 0.999999821 0.000519756 -0.050429374 0.006144637 -0.000519932 0.999980927 3.878304243
0.999964416 0.000648926 -0.008401663 -0.064063020 -0.000648736 0.999999702 0.000025303 -0.082121454 0.008401677 -0.000019851 0.999964654 5.793029785
0.999940395 0.002554604 -0.010609512 -0.082958370 -0.002559986 0.999996483 -0.000493798 -0.107359931 0.010608214 0.000520929 0.999943554 7.690073490
0.999912858 0.004725698 -0.012324054 -0.113689460 -0.004718088 0.999988496 0.000646537 -0.136824504 0.012326969 -0.000588334 0.999923766 9.631963730
0.999877334 0.007007807 -0.014005681 -0.152014092 -0.007012618 0.999975145 -0.000294384 -0.152469888 0.014003272 0.000392565 0.999901772 11.532027245
0.999841273 0.007524879 -0.016146746 -0.196797282 -0.007546433 0.999970496 -0.001274376 -0.184462592 0.016136680 0.001396024 0.999868691 13.421905518
0.999805868 0.006830736 -0.018476570 -0.242810786 -0.006849949 0.999975801 -0.000976749 -0.217584878 0.018469453 0.001103124 0.999828696 15.315635681
0.999772429 0.004785453 -0.020784613 -0.292235166 -0.004800987 0.999987960 -0.000697545 -0.242741168 0.020781029 0.000797173 0.999783635 17.240940094
0.999715745 0.002535296 -0.023703746 -0.333057702 -0.002545745 0.999996424 -0.000410630 -0.270033002 0.023702625 0.000470857 0.999718845 19.103500366
0.999642432 -0.000011510 -0.026736677 -0.383399159 -0.000005907 0.999999523 -0.000651280 -0.301705271 0.026736679 0.000651205 0.999642193 21.029205322
0.999549508 -0.001005370 -0.029994613 -0.452177942 0.001020184 0.999999046 0.000478642 -0.337480277 0.029994112 -0.000509026 0.999549806 22.919008255
0.999466598 0.000984720 -0.032641765 -0.537735581 -0.000969017 0.999999106 0.000496892 -0.353443146 0.032642234 -0.000464997 0.999466836 24.848184586
0.999370873 0.002356363 -0.035385814 -0.602651834 -0.002393020 0.999996305 -0.000993592 -0.371964961 0.035383351 0.001077646 0.999373078 26.697324753
0.999256790 0.003332331 -0.038399838 -0.687284768 -0.003473253 0.999987125 -0.003603749 -0.393536121 0.038387340 0.003734444 0.999255836 28.634037018
0.999139309 0.003931465 -0.041290462 -0.782376587 -0.004191247 0.999971628 -0.006206920 -0.415531874 0.041264895 0.006374639 0.999127805 30.479537964
0.999009490 0.005347234 -0.044172194 -0.874911666 -0.005590713 0.999969542 -0.005390370 -0.450793624 0.044142030 0.005631987 0.999009311 32.366111755
0.998880029 0.006815320 -0.046819005 -0.967781484 -0.006878357 0.999975383 -0.001185444 -0.485004663 0.046809778 0.001506156 0.998902619 34.278858185
0.998779833 0.006650205 -0.048932504 -1.070822358 -0.006522402 0.999974608 0.002771017 -0.506136000 0.048949696 -0.002448478 0.998798132 36.153587341
0.998666167 0.006531155 -0.051214106 -1.184682250 -0.006270518 0.999966323 0.005248170 -0.514450252 0.051246665 -0.004920032 0.998673797 38.036739349
0.998530626 0.006367882 -0.053811211 -1.291486621 -0.006117851 0.999969482 0.004809875 -0.525794268 0.053840201 -0.004473599 0.998539448 39.984405518
0.998361647 0.007464752 -0.056726448 -1.409842610 -0.007466489 0.999971867 0.000181299 -0.547281504 0.056726210 0.000242546 0.998389661 41.882762909
0.998169184 0.007166780 -0.060053874 -1.539435506 -0.007531634 0.999954224 -0.005851306 -0.570587158 0.060009196 0.006292899 0.998177886 43.789997101
0.997923493 0.004411808 -0.064255431 -1.656488419 -0.005003144 0.999946237 -0.009044920 -0.613221347 0.064212084 0.009347621 0.997892380 45.641918182
0.997648120 -0.001240085 -0.068529196 -1.777448177 0.000550864 0.999948740 -0.010075315 -0.659970403 0.068538189 0.010013873 0.997598112 47.587860107
0.997311056 -0.007655696 -0.072880290 -1.917429566 0.007087687 0.999942124 -0.008049130 -0.686300099 0.072937705 0.007510937 0.997308075 49.300975800
0.996962368 -0.010108688 -0.077223323 -2.070729494 0.009705664 0.999936879 -0.005592470 -0.726163208 0.077275001 0.004825980 0.996998012 51.249485016
0.996674776 -0.010888764 -0.080748871 -2.228743792 0.010407328 0.999925137 -0.006380627 -0.758841872 0.080812320 0.005519032 0.996713936 53.202808380
0.996443212 -0.007796732 -0.083903357 -2.413814306 0.007349303 0.999956787 -0.005640211 -0.793616652 0.083943725 0.005003521 0.996457756 55.109653473
0.996252716 -0.005286570 -0.086325526 -2.586671829 0.005071431 0.999983132 -0.002711287 -0.825051725 0.086338416 0.002263334 0.996263146 57.020332336
0.996080458 -0.003116898 -0.088393986 -2.760989904 0.003048786 0.999994576 -0.000905548 -0.851253569 0.088396348 0.000632504 0.996084988 58.897129059
0.995917082 0.000067772 -0.090270005 -2.942122936 -0.000161556 0.999999106 -0.001031627 -0.878992558 0.090269879 0.001041999 0.995916605 60.795249939
0.995761454 0.003131351 -0.091917232 -3.138986826 -0.003428600 0.999989033 -0.003076151 -0.899794638 0.091906615 0.003378262 0.995761693 62.672832489
0.995569825 0.005958804 -0.093832791 -3.315598249 -0.006456942 0.999966264 -0.005006076 -0.930580914 0.093799829 0.005589774 0.995575190 64.474700928
0.995357811 0.006468815 -0.096023336 -3.500555038 -0.006901603 0.999967098 -0.004175683 -0.961004615 0.095993206 0.004819015 0.995370150 66.356300354
0.995166600 0.004820210 -0.098079219 -3.698698997 -0.005063526 0.999984264 -0.002232051 -0.988063753 0.098066956 0.002717890 0.995175958 68.302345276
0.994959295 0.001842448 -0.100259088 -3.881924629 -0.001909261 0.999997556 -0.000570453 -1.018487930 0.100257829 0.000758997 0.994961083 70.213729858
0.994705081 -0.001803734 -0.102751181 -4.024336338 0.001727740 0.999997735 -0.000828582 -1.031810284 0.102752477 0.000646667 0.994706631 71.931716919
0.994450092 -0.003791345 -0.105137348 -4.202038288 0.003585629 0.999990880 -0.002145587 -1.062192082 0.105144553 0.001756696 0.994455278 73.738647461
0.994198799 -0.003412785 -0.107500091 -4.398403645 0.003007724 0.999987364 -0.003929910 -1.097066283 0.107512176 0.003583782 0.994197190 75.648368835
0.994003177 -0.002355597 -0.109322093 -4.615676880 0.001872739 0.999987602 -0.004519302 -1.125817657 0.109331422 0.004287471 0.993995965 77.516906738
0.993805349 -0.001295128 -0.111123480 -4.827976704 0.000749438 0.999987006 -0.004952284 -1.159174442 0.111128487 0.004838328 0.993794143 79.408805847
0.993581772 -0.001685543 -0.113099508 -5.057474136 0.001006438 0.999980688 -0.006061314 -1.188426495 0.113107577 0.005908587 0.993565023 81.339210510
0.993326962 -0.001664178 -0.115316302 -5.272639275 0.000739937 0.999966800 -0.008057168 -1.227765203 0.115325920 0.007918080 0.993295968 83.198921204
0.993103743 -0.001300404 -0.117227450 -5.493736267 0.000315725 0.999964058 -0.008417904 -1.270104408 0.117234230 0.008322847 0.993069232 85.045944214
0.992821872 -0.000982153 -0.119593777 -5.703256130 0.000216817 0.999978900 -0.006412309 -1.309802890 0.119597599 0.006340356 0.992802083 86.908569336
0.992572963 -0.000450145 -0.121645130 -5.946800232 -0.000122190 0.999988377 -0.004697452 -1.345302463 0.121645883 0.004677432 0.992562413 88.871215820
0.992295265 0.000270981 -0.123890221 -6.197172165 -0.000716129 0.999992847 -0.003548558 -1.380636096 0.123888433 0.003609941 0.992289424 90.840827942
0.991979659 0.000193977 -0.126392275 -6.435795307 -0.000714320 0.999990880 -0.004071570 -1.409027100 0.126390398 0.004129202 0.991971791 92.768325806
0.991658211 -0.001164358 -0.128884733 -6.687672138 0.000605181 0.999989629 -0.004377660 -1.438991070 0.128888562 0.004263148 0.991649687 94.721374512
0.991280556 -0.002379909 -0.131741285 -6.950229645 0.001900911 0.999990523 -0.003761536 -1.474091411 0.131749064 0.003478312 0.991276801 96.668685913
0.990926981 -0.003840387 -0.134341329 -7.229611397 0.003401599 0.999987483 -0.003495591 -1.503476739 0.134353161 0.003006902 0.990928829 98.666984558
0.990521789 -0.005013696 -0.137259170 -7.518192291 0.004767217 0.999985754 -0.002124393 -1.535363197 0.137267977 0.001449913 0.990532756 100.644630432
0.990114987 -0.006660465 -0.140094832 -7.816512585 0.006558083 0.999977112 -0.001192442 -1.563308716 0.140099674 0.000261900 0.990137279 102.584465027
0.989564180 -0.008465198 -0.143839255 -8.103919983 0.008238042 0.999963045 -0.002174738 -1.584901214 0.143852472 0.000967089 0.989598572 104.509590149
0.989067554 -0.008042479 -0.147239044 -8.393117905 0.007485037 0.999961913 -0.004339634 -1.616271853 0.147268474 0.003190104 0.989091337 106.461044312
0.988632619 -0.006013134 -0.150226370 -8.696966171 0.005137777 0.999966860 -0.006214346 -1.650267363 0.150258884 0.005371881 0.988632023 108.408943176
0.988197029 -0.004847971 -0.153106913 -8.997550964 0.004324543 0.999982953 -0.003751533 -1.689643025 0.153122604 0.003045138 0.988202393 110.359184265
0.987728000 -0.006028290 -0.156062737 -9.309695244 0.006102906 0.999980688 -0.000001035 -1.720590711 0.156059846 -0.000951416 0.987747014 112.308486938
0.987207770 -0.009581983 -0.159146160 -9.611242294 0.009783158 0.999951303 0.000480646 -1.742288828 0.159133926 -0.002031453 0.987254739 114.248840332
0.986758530 -0.010879757 -0.161826447 -9.924962044 0.010625943 0.999939859 -0.002433870 -1.770428300 0.161843315 0.000682083 0.986816108 116.172416687
0.986253321 -0.013822273 -0.164656729 -10.236828804 0.013468077 0.999903262 -0.003267413 -1.803930521 0.164686084 0.001004889 0.986345410 118.144737244
0.985824585 -0.015846590 -0.167024821 -10.571083069 0.015311821 0.999871969 -0.004489117 -1.832479119 0.167074710 0.001868030 0.985942364 120.039398193
0.985276818 -0.017630970 -0.170050591 -10.896110535 0.016667554 0.999835193 -0.007091492 -1.859637260 0.170147747 0.004152761 0.985409737 122.002120972
0.984856725 -0.010304520 -0.173058927 -11.251543045 0.009018992 0.999924839 -0.008213009 -1.898789883 0.173130706 0.006527829 0.984877110 123.931732178
0.984670937 0.000923765 -0.174414903 -11.621743202 -0.001550784 0.999992073 -0.003458751 -1.942836881 0.174410462 0.003676215 0.984666049 125.864723206
0.984342933 0.009534026 -0.176000923 -11.984105110 -0.009380151 0.999953806 0.001706223 -1.967485428 0.176009208 -0.000028597 0.984388351 127.793991089
0.984133840 0.008467494 -0.177220225 -12.354148865 -0.008276660 0.999963343 0.001816024 -1.983760476 0.177229270 -0.000320423 0.984169364 129.755157471
0.983758807 0.002744050 -0.179469064 -12.706286430 -0.002639954 0.999995410 0.000818822 -1.998656988 0.179470658 -0.000331736 0.983763099 131.717010498
0.983527720 -0.002647995 -0.180732742 -13.071827888 0.002469681 0.999995410 -0.001211672 -2.022050619 0.180735290 0.000745360 0.983531356 133.691864014
0.983509123 -0.003291947 -0.180823386 -13.437766075 0.002704755 0.999989450 -0.003493831 -2.057733774 0.180833146 0.002947134 0.983509243 135.635757446
0.983573079 -0.000699252 -0.180503741 -13.805730820 -0.000010362 0.999991477 -0.003930357 -2.090800285 0.180505097 0.003867667 0.983566344 137.570785522
0.983572304 0.003098402 -0.180482671 -14.185764313 -0.003538983 0.999990642 -0.002119198 -2.125505686 0.180474579 0.002723110 0.983575702 139.528503418
0.983644903 0.004028377 -0.180068299 -14.564739227 -0.004118562 0.999990702 -0.000126997 -2.159272432 0.180066273 0.000866540 0.983653963 141.479827881
0.983460367 0.002834555 -0.181096107 -14.935214043 -0.003089055 0.999993801 -0.001123332 -2.182455063 0.181091949 0.001664168 0.983464658 143.424179077
0.983083606 0.002233733 -0.183138356 -15.304012299 -0.002829042 0.999990761 -0.002989421 -2.212422848 0.183130115 0.003456959 0.983082533 145.362854004
0.982771456 0.005475792 -0.184738562 -15.687262535 -0.005639008 0.999983311 -0.000358135 -2.237245083 0.184733644 0.001393705 0.982787549 147.302200317
0.982520819 0.008263619 -0.185963988 -16.081253052 -0.008317202 0.999964595 0.000492002 -2.268261909 0.185961604 0.001063296 0.982556343 149.251541138
0.982335925 0.010431709 -0.186829776 -16.482336044 -0.011074107 0.999935150 -0.002395062 -2.297118425 0.186792806 0.004421731 0.982389271 151.220794678
0.982138157 0.009817514 -0.187899485 -16.870134354 -0.010887597 0.999929190 -0.004663739 -2.325099707 0.187840521 0.006626216 0.982177079 153.162597656
0.981890917 0.007945079 -0.189275250 -17.257392883 -0.009086426 0.999944687 -0.005163101 -2.350313187 0.189223900 0.006789444 0.981910348 155.088821411
0.981671572 0.006194705 -0.190474540 -17.642475128 -0.007050310 0.999967158 -0.003814658 -2.384351254 0.190444797 0.005087650 0.981684566 157.011291504
0.981417656 0.004306183 -0.191830143 -18.041093826 -0.004829502 0.999985039 -0.002260585 -2.416340590 0.191817686 0.003145024 0.981425405 158.952453613
0.981237829 0.003599570 -0.192762494 -18.442388535 -0.004085165 0.999988616 -0.002121766 -2.456425905 0.192752823 0.002869425 0.981243014 160.906539917
0.981000364 0.003879346 -0.193961754 -18.829065323 -0.004267134 0.999988854 -0.001581573 -2.483626604 0.193953618 0.002379186 0.981007636 162.858184814
0.980795324 0.003985976 -0.194993585 -19.231544495 -0.004450675 0.999987423 -0.001945107 -2.511306524 0.194983527 0.002775606 0.980802417 164.786361694
0.980510235 0.004600928 -0.196408555 -19.631879807 -0.005007391 0.999985456 -0.001572971 -2.544742823 0.196398616 0.002525810 0.980520666 166.734786987
0.980272472 0.005691108 -0.197563305 -20.039751053 -0.006222637 0.999977767 -0.002069751 -2.572957993 0.197547272 0.003258287 0.980287671 168.688156128
0.980052531 0.005703487 -0.198651105 -20.454200745 -0.006167614 0.999978781 -0.001717732 -2.599814177 0.198637247 0.002908672 0.980068505 170.605850220
0.979790151 0.005068191 -0.199958235 -20.865146637 -0.005599232 0.999981403 -0.002090360 -2.623380899 0.199944079 0.003167729 0.979801893 172.551742554
0.979518235 0.003818961 -0.201313466 -21.274950027 -0.004684771 0.999980927 -0.003824580 -2.651234865 0.201295197 0.004689358 0.979519129 174.507843018
0.979381263 0.003396000 -0.201986343 -21.701612473 -0.004359204 0.999980390 -0.004324048 -2.688010693 0.201967865 0.005115397 0.979378521 176.436569214
0.979092419 0.003767902 -0.203375518 -22.111341476 -0.004601922 0.999982119 -0.003628171 -2.726373911 0.203358382 0.004488238 0.979093790 178.401870728
0.978812873 0.004110506 -0.204710051 -22.519830704 -0.005044327 0.999978423 -0.004040074 -2.757383347 0.204689190 0.004987106 0.978814006 180.335861206
0.978547394 0.003591308 -0.205985352 -22.948949814 -0.004534403 0.999980628 -0.004106594 -2.810001850 0.205966756 0.004952522 0.978546143 182.320495605
0.978359520 0.002050501 -0.206896901 -23.381484985 -0.003119210 0.999982774 -0.004839376 -2.842061996 0.206883565 0.005380010 0.978350461 184.234558105
0.978084445 -0.000162166 -0.208203048 -23.821363449 -0.000641068 0.999991953 -0.003790493 -2.891215324 0.208202153 0.003840898 0.978078008 186.215850830
0.977754354 0.000590375 -0.209746987 -24.254680634 -0.001071920 0.999996364 -0.002182207 -2.931048393 0.209745109 0.002358496 0.977752984 188.184982300
0.977507293 0.001939815 -0.210887268 -24.689428329 -0.002158131 0.999996603 -0.000805119 -2.969387531 0.210885167 0.001242131 0.977509797 190.134567261
0.977225363 0.002911566 -0.212179095 -25.119428635 -0.003434340 0.999991179 -0.002095362 -2.992645502 0.212171286 0.002776338 0.977228284 192.071578979
0.977015555 0.002597400 -0.213146895 -25.553544998 -0.003212542 0.999990880 -0.002539730 -3.022911787 0.213138521 0.003166101 0.977016568 194.008422852
0.976844251 0.002458066 -0.213932246 -25.990489960 -0.002931260 0.999993145 -0.001894730 -3.054177046 0.213926300 0.002477949 0.976846337 195.952331543
0.976883531 0.003871968 -0.213731721 -26.436990738 -0.004229082 0.999989569 -0.001213678 -3.084289789 0.213724971 0.002089512 0.976891339 197.868148804
0.976986349 0.005113915 -0.213235006 -26.883535385 -0.005679665 0.999981046 -0.002040687 -3.117819786 0.213220716 0.003204829 0.976998508 199.793472290
0.977018654 0.006209651 -0.213057816 -27.329341888 -0.007054696 0.999969244 -0.003206262 -3.155288458 0.213031530 0.004635641 0.977033973 201.723083496
0.976942956 0.006732004 -0.213388786 -27.754522324 -0.007580983 0.999965549 -0.003160544 -3.191212893 0.213360339 0.004705372 0.976961911 203.634841919
0.976890147 0.006590697 -0.213634908 -28.195434570 -0.007373570 0.999967933 -0.002867934 -3.228986740 0.213609353 0.004376913 0.976909041 205.590408325
0.976835012 0.006166641 -0.213899419 -28.646270752 -0.006787992 0.999973834 -0.002170543 -3.272314310 0.213880643 0.003572213 0.976852953 207.540344238
0.976734221 0.006534754 -0.214348122 -29.094785690 -0.007388102 0.999966860 -0.003180269 -3.295920849 0.214320451 0.004689909 0.976751804 209.458053589
0.976648152 0.007138915 -0.214720711 -29.532865524 -0.007891949 0.999964595 -0.002649980 -3.327551842 0.214694396 0.004282668 0.976671517 211.381286621
0.976448834 0.006625210 -0.215641424 -29.956323624 -0.007199686 0.999971569 -0.001878646 -3.355010033 0.215623051 0.003386955 0.976470470 213.272781372
0.976283252 0.006560447 -0.216391742 -30.411231995 -0.007439601 0.999966323 -0.003248474 -3.399020672 0.216363356 0.004781305 0.976300836 215.216537476
0.976115882 0.006150391 -0.217157394 -30.854413986 -0.007323398 0.999961853 -0.004597309 -3.423563242 0.217121050 0.006077845 0.976125419 217.131607056
0.976039171 0.006055054 -0.217504784 -31.310234070 -0.007648639 0.999948919 -0.006485548 -3.467302084 0.217454627 0.007993776 0.976037383 219.084960938
0.976064682 0.005828766 -0.217396706 -31.765516281 -0.007246997 0.999956548 -0.005727018 -3.508153915 0.217354089 0.007165423 0.976066172 221.027664185
0.975971460 0.005704325 -0.217818052 -32.203338623 -0.006884589 0.999964595 -0.004660079 -3.534974337 0.217783973 0.006047700 0.975977898 222.952346802
0.975866735 0.006387527 -0.218267992 -32.643692017 -0.007286222 0.999967158 -0.003312782 -3.575582743 0.218239874 0.004823189 0.975882828 224.919250488
0.975886881 0.006892967 -0.218162403 -33.091400146 -0.007771017 0.999963999 -0.003167019 -3.612349749 0.218132913 0.004786002 0.975906968 226.845077515
0.975909054 0.006627855 -0.218071684 -33.542976379 -0.007592302 0.999963939 -0.003585008 -3.645558119 0.218040273 0.005154315 0.975925744 228.765167236
0.975806653 0.005328768 -0.218564644 -33.998920441 -0.006573948 0.999965191 -0.004970283 -3.684931040 0.218530774 0.006286877 0.975809395 230.714065552
0.975731909 0.004152175 -0.218923688 -34.462699890 -0.005316100 0.999973834 -0.004727814 -3.728780270 0.218898565 0.005776908 0.975730062 232.678543091
0.975594342 0.004472781 -0.219529748 -34.913917542 -0.005274256 0.999980569 -0.003064956 -3.773949623 0.219511986 0.004148015 0.975600600 234.616378784
0.975403965 0.003861763 -0.220385745 -35.364772797 -0.004439517 0.999987066 -0.002126352 -3.807446241 0.220374882 0.003052462 0.975410044 236.555023193
0.975233495 0.002660120 -0.221156374 -35.825939178 -0.003307301 0.999990463 -0.002556128 -3.839339495 0.221147656 0.003224256 0.975234568 238.505065918
0.974972963 0.001480080 -0.222312897 -36.279178619 -0.002390813 0.999988973 -0.003827588 -3.873095036 0.222304970 0.004263309 0.974967480 240.444885254
0.974669755 0.000994786 -0.223641127 -36.732837677 -0.002169406 0.999984264 -0.005006646 -3.898337364 0.223632827 0.005365003 0.974658370 242.372879028
0.974435687 0.001199787 -0.224657908 -37.194183350 -0.002304135 0.999985635 -0.004653611 -3.934949636 0.224649310 0.005052293 0.974426270 244.341308594
0.974248171 0.002003778 -0.225463733 -37.654342651 -0.003092857 0.999984384 -0.004477313 -3.971469641 0.225451425 0.005059348 0.974240959 246.272384644
0.974070311 0.001761923 -0.226232931 -38.126651764 -0.003122238 0.999978304 -0.005655249 -4.011115551 0.226218238 0.006214972 0.974056482 248.248565674
0.973807037 0.001466595 -0.227365404 -38.601539612 -0.002894907 0.999977291 -0.005948700 -4.043271065 0.227351695 0.006451097 0.973791003 250.192932129
0.973599494 0.002393363 -0.228244603 -39.076221466 -0.003448972 0.999984324 -0.004226170 -4.078437805 0.228231087 0.004901813 0.973594308 252.161010742
0.973382294 0.003001865 -0.229161784 -39.547805786 -0.003853273 0.999986470 -0.003267963 -4.109804153 0.229149044 0.004064006 0.973382533 254.109588623
0.973246753 0.003402606 -0.229730979 -40.030570984 -0.004245395 0.999985218 -0.003174456 -4.142158985 0.229716957 0.004064833 0.973248661 256.084411621
0.973058403 0.002284029 -0.230540887 -40.520313263 -0.003577156 0.999979377 -0.005191310 -4.176437378 0.230524465 0.005876137 0.973048449 258.047576904
0.972959936 0.001432537 -0.230963185 -40.988533020 -0.002910584 0.999976635 -0.006058924 -4.207122803 0.230949298 0.006567338 0.972943246 259.986419678
0.972965896 0.001391218 -0.230938315 -41.476417542 -0.002765580 0.999979556 -0.005627626 -4.246147633 0.230925977 0.006114175 0.972951710 261.956573486
0.973066747 0.001567021 -0.230511650 -41.953845978 -0.002417984 0.999990523 -0.003409212 -4.282907963 0.230504334 0.003874768 0.973063171 263.929229736
0.973220766 0.001160079 -0.229862705 -42.432422638 -0.001734574 0.999995172 -0.002297285 -4.312811375 0.229859129 0.002634482 0.973219931 265.888549805
0.973356545 -0.000142074 -0.229289874 -42.911609650 -0.000226618 0.999998093 -0.001581678 -4.346120834 0.229289830 0.001591498 0.973356485 267.842895508
0.973428130 -0.002572935 -0.228971362 -43.384506226 0.002313377 0.999995768 -0.001402044 -4.369482040 0.228974164 0.000835091 0.973431766 269.804168701
0.973487973 -0.003860412 -0.228698552 -43.856849670 0.003663258 0.999991953 -0.001286639 -4.403396130 0.228701830 0.000414745 0.973496020 271.760650635
0.973377466 -0.002068692 -0.229191557 -44.322154999 0.001591575 0.999995649 -0.002266620 -4.437817574 0.229195386 0.001841502 0.973378301 273.691864014
0.973274171 -0.001102197 -0.229636341 -44.792064667 0.000230821 0.999992132 -0.003821458 -4.474462986 0.229638889 0.003666326 0.973268628 275.638458252
0.973092616 -0.000385505 -0.230406716 -45.262428284 -0.000441653 0.999993145 -0.003538442 -4.516434193 0.230406642 0.003544996 0.973087609 277.570800781
0.972846389 0.000467367 -0.231443763 -45.723670959 -0.001222390 0.999993861 -0.003118870 -4.554402828 0.231441021 0.003317100 0.972842872 279.494079590
0.972679973 0.001050294 -0.232140377 -46.213005066 -0.001905317 0.999991655 -0.003459061 -4.593077183 0.232134953 0.003806865 0.972675741 281.443450928
0.972505510 0.001498689 -0.232867792 -46.696891785 -0.002135206 0.999994159 -0.002481359 -4.630584717 0.232862845 0.002910359 0.972504795 283.415710449
0.972408056 0.003377026 -0.233254746 -47.169723511 -0.003866806 0.999990702 -0.001642531 -4.666016102 0.233247176 0.002499163 0.972413838 285.340911865
0.972483397 0.003975540 -0.232930809 -47.658252716 -0.004634666 0.999986172 -0.002282478 -4.694780350 0.232918650 0.003299231 0.972490191 287.286895752
0.972638071 0.003683048 -0.232289016 -48.145191193 -0.004802742 0.999978960 -0.004254904 -4.732011318 0.232268572 0.005254111 0.972637057 289.216522217
0.972705781 0.004082336 -0.231998637 -48.633674622 -0.005142232 0.999978483 -0.003963982 -4.766898155 0.231977567 0.005048784 0.972707629 291.159484863
0.972845495 0.004980363 -0.231394678 -49.113685608 -0.005742085 0.999979675 -0.002618503 -4.801500320 0.231377020 0.003876089 0.972856045 293.097503662
0.972991884 0.006292956 -0.230746180 -49.612213135 -0.007035702 0.999971926 -0.002396178 -4.839001656 0.230724707 0.003954925 0.973010659 295.066864014
0.973154902 0.006589770 -0.230049297 -50.105751038 -0.007456996 0.999967515 -0.002900526 -4.879981041 0.230022803 0.004538141 0.973174274 297.047882080
0.973278284 0.004986815 -0.229567155 -50.579647064 -0.006260764 0.999968290 -0.004821320 -4.916993618 0.229535922 0.006129758 0.973280489 298.992584229
0.973358750 0.003593645 -0.229251921 -51.055343628 -0.004736555 0.999978423 -0.004435325 -4.953472614 0.229231134 0.005403032 0.973356605 300.936859131
0.973430991 0.003983155 -0.228938505 -51.526412964 -0.005100278 0.999977291 -0.004288100 -4.991204739 0.228916332 0.005341824 0.973431051 302.893005371
0.973591268 0.003921869 -0.228256896 -51.984882355 -0.005398554 0.999967813 -0.005845387 -5.021472931 0.228226721 0.006923282 0.973583043 304.815551758
0.973819613 0.003773374 -0.227283165 -52.482006073 -0.004294200 0.999988616 -0.001797107 -5.060464859 0.227273896 0.002726057 0.973826706 306.747833252
0.973986149 0.002288665 -0.226588309 -52.956211090 -0.002405455 0.999996543 -0.000239332 -5.096854210 0.226587072 0.000778151 0.973990262 308.690368652
0.974037707 0.003043656 -0.226357654 -53.421722412 -0.003560359 0.999991298 -0.001874474 -5.114088058 0.226350084 0.002631723 0.974042118 310.663970947
0.974162996 0.004055543 -0.225801557 -53.899765015 -0.004530295 0.999987841 -0.001584392 -5.153344154 0.225792497 0.002566403 0.974171698 312.652770996
0.974255085 0.004990889 -0.225384951 -54.350925446 -0.005046278 0.999986589 0.000330339 -5.191760540 0.225383669 0.000815516 0.974269450 314.573944092
0.974255800 0.006296386 -0.225349024 -54.819519043 -0.006858967 0.999974370 -0.001713654 -5.223939896 0.225332558 0.003215199 0.974276304 316.531768799
0.974338293 0.007007200 -0.224970967 -55.289878845 -0.008379863 0.999951005 -0.005147202 -5.258393764 0.224923983 0.006900351 0.974351645 318.483520508
0.974440157 0.008338473 -0.224483728 -55.762317657 -0.009983575 0.999930322 -0.006194266 -5.287422180 0.224416539 0.008277103 0.974457920 320.426574707
0.974470079 0.008605257 -0.224343657 -56.217700958 -0.009966668 0.999937534 -0.004936663 -5.332633972 0.224287257 0.007046598 0.974497378 322.364990234
0.974496663 0.008424251 -0.224235132 -56.679771423 -0.009414491 0.999949455 -0.003347260 -5.369660854 0.224195674 0.005372958 0.974529147 324.312652588
0.974636614 0.007689749 -0.223652646 -57.149425507 -0.008607860 0.999957383 -0.003130401 -5.400156498 0.223619133 0.004976178 0.974663734 326.305236816
0.974710822 0.006581065 -0.223364279 -57.608577728 -0.007699754 0.999961138 -0.004137784 -5.422753811 0.223328456 0.005752999 0.974726081 328.286743164
0.974789500 0.007116312 -0.223004207 -58.063518524 -0.008484410 0.999949932 -0.005177332 -5.458878517 0.222956285 0.006938876 0.974803567 330.199157715
0.974962592 0.006886669 -0.222253576 -58.530559540 -0.008438821 0.999945521 -0.006034771 -5.499209404 0.222199991 0.007759244 0.974970043 332.181793213
0.975003898 0.005445743 -0.222111866 -58.980537415 -0.007083739 0.999952614 -0.006578662 -5.537724018 0.222065598 0.007987616 0.974998772 334.129455566
0.975030899 0.004187781 -0.222020417 -59.451648712 -0.005810587 0.999960244 -0.006656587 -5.579851151 0.221983805 0.007780459 0.975019097 336.135284424
0.975037694 0.003081805 -0.222008541 -59.907936096 -0.004583637 0.999969244 -0.006249851 -5.621953487 0.221982524 0.007111458 0.975024521 338.094543457
0.975064635 0.002511434 -0.221897259 -60.364929199 -0.003761379 0.999978602 -0.005210601 -5.656697750 0.221879497 0.005915321 0.975055933 340.038726807
0.974984825 0.002142237 -0.222251579 -60.811660767 -0.003399136 0.999979556 -0.005272959 -5.694498539 0.222235829 0.005896528 0.974974930 341.964050293
0.974972427 0.000848842 -0.222314700 -61.276390076 -0.002402059 0.999973774 -0.006716300 -5.739776134 0.222303286 0.007082233 0.974951625 343.914581299
0.974966347 0.000906095 -0.222341254 -61.738292694 -0.002477612 0.999973118 -0.006789242 -5.780491829 0.222329229 0.007170171 0.974945068 345.841400146
0.974968433 0.001276593 -0.222330302 -62.212059021 -0.002491716 0.999982655 -0.005185008 -5.824095726 0.222319946 0.005609212 0.974957407 347.865081787
0.975062072 0.001160173 -0.221919820 -62.670280457 -0.002308964 0.999984443 -0.004917268 -5.862123013 0.221910775 0.005307054 0.975052297 349.839965820
0.975153208 0.000366271 -0.221521705 -63.118476868 -0.001557212 0.999984503 -0.005201594 -5.894352913 0.221516490 0.005417316 0.975141346 351.790283203
0.975211263 -0.000463486 -0.221266121 -63.570060730 -0.000972222 0.999978423 -0.006379689 -5.930772305 0.221264422 0.006436676 0.975192368 353.747741699
0.975245774 -0.000732636 -0.221113265 -64.029342651 -0.000657501 0.999979734 -0.006213362 -5.968203068 0.221113458 0.006204948 0.975228131 355.735961914
0.975412011 -0.000056769 -0.220380127 -64.493370056 -0.001196201 0.999983132 -0.005552078 -6.002986908 0.220376849 0.005679191 0.975398064 357.718719482
0.975536346 0.000603760 -0.219828323 -64.949523926 -0.001945577 0.999980032 -0.005887516 -6.039995193 0.219820514 0.006171188 0.975520551 359.658569336
0.975609243 0.000445113 -0.219505221 -65.415924072 -0.002084532 0.999970913 -0.007237180 -6.077764034 0.219495744 0.007518237 0.975584209 361.655853271
0.975640953 -0.000520822 -0.219364196 -65.867187500 -0.001151355 0.999970555 -0.007494961 -6.119786739 0.219361782 0.007564969 0.975613952 363.670379639
0.975619674 -0.002118438 -0.219449446 -66.323768616 0.000611737 0.999975085 -0.006933593 -6.165428162 0.219458804 0.006630315 0.975598931 365.631195068
0.975593448 -0.002656542 -0.219560057 -66.793983459 0.001371697 0.999980330 -0.006004198 -6.201482773 0.219571814 0.005556494 0.975580215 367.611663818
0.975558460 -0.003753302 -0.219699219 -67.253005981 0.002313882 0.999973416 -0.006808792 -6.240793705 0.219719052 0.006134027 0.975543559 369.607025146
0.975487888 -0.004231622 -0.220003650 -67.715774536 0.002467948 0.999961853 -0.008290848 -6.281177998 0.220030457 0.007544678 0.975463450 371.593292236
0.975424170 -0.005307810 -0.220262781 -68.172378540 0.003468747 0.999955058 -0.008735395 -6.326911449 0.220299378 0.007756694 0.975401103 373.592834473
0.975311875 -0.004883939 -0.220769227 -68.624908447 0.003230536 0.999963224 -0.007849775 -6.362791538 0.220799565 0.006942788 0.975294113 375.546173096
0.975216150 -0.004206596 -0.221205473 -69.083412170 0.003015731 0.999978423 -0.005721036 -6.400668144 0.221224859 0.004912158 0.975210071 377.516906738
0.975154459 -0.003436713 -0.221490443 -69.544631958 0.002675656 0.999988794 -0.003736074 -6.437704086 0.221500888 0.003050620 0.975154996 379.486541748
0.975048363 -0.002856803 -0.221965060 -70.007698059 0.001992840 0.999988914 -0.004116254 -6.468826294 0.221974447 0.003571211 0.975045562 381.454559326
0.974775553 -0.003643321 -0.223148450 -70.462104797 0.002270631 0.999976218 -0.006407782 -6.502257824 0.223166585 0.005739471 0.974763036 383.416442871
0.974541008 -0.004826554 -0.224148095 -70.937698364 0.003140961 0.999963462 -0.007875995 -6.545938969 0.224178016 0.006971453 0.974522889 385.403594971
0.974253237 -0.005452672 -0.225381225 -71.410758972 0.003873986 0.999964178 -0.007446232 -6.577993870 0.225413859 0.006381406 0.974241793 387.375030518
0.974022925 -0.007110498 -0.226328239 -71.882202148 0.005655349 0.999958396 -0.007077203 -6.627351761 0.226369232 0.005613407 0.974024951 389.350128174
0.973645926 -0.007389538 -0.227935821 -72.342887878 0.005895811 0.999955893 -0.007233561 -6.667951584 0.227979317 0.005699074 0.973648906 391.298400879
0.973393023 -0.008007362 -0.228992298 -72.833717346 0.006095153 0.999939859 -0.009056669 -6.697834969 0.229051128 0.007419974 0.973385692 393.249725342
0.973079562 -0.007358141 -0.230342075 -73.305587769 0.005619070 0.999950051 -0.008205088 -6.749920368 0.230391011 0.006689913 0.973074734 395.227935791
0.972799063 -0.006254433 -0.231556550 -73.790428162 0.004615622 0.999959886 -0.007618508 -6.797774792 0.231594980 0.006342516 0.972791195 397.170379639
0.972550571 -0.005513667 -0.232616663 -74.282524109 0.003672709 0.999957919 -0.008346548 -6.831452370 0.232652962 0.007263124 0.972532272 399.106170654
0.972245753 -0.005853532 -0.233879060 -74.754692078 0.003767678 0.999948502 -0.009364366 -6.875813484 0.233921915 0.008223304 0.972220182 401.033264160
0.971856475 -0.005673467 -0.235495925 -75.232673645 0.003731383 0.999954700 -0.008691654 -6.908845901 0.235534668 0.007568332 0.971836090 402.912628174
0.971589088 -0.005780702 -0.236594051 -75.729911804 0.003826388 0.999954104 -0.008718591 -6.945370674 0.236633688 0.007565605 0.971569061 404.870208740
0.971270740 -0.005547376 -0.237903059 -76.225875854 0.004010309 0.999967277 -0.006944451 -6.992462158 0.237933904 0.005790891 0.971263647 406.865661621
0.970996141 -0.004852796 -0.239036396 -76.712043762 0.003533283 0.999975562 -0.005948381 -7.032494545 0.239059523 0.004931284 0.970991969 408.789733887
0.970724940 -0.004750173 -0.240137473 -77.193893433 0.002915889 0.999963284 -0.007993249 -7.067438126 0.240166739 0.007059049 0.970705509 410.663116455
0.970350266 -0.005105239 -0.241639778 -77.688003540 0.002651660 0.999941051 -0.010478018 -7.107545376 0.241679162 0.009526623 0.970308959 412.589599609
0.970049202 -0.005564304 -0.242835313 -78.178810120 0.003206192 0.999943256 -0.010104920 -7.166007042 0.242877916 0.009023715 0.970014393 414.597106934
0.969661772 -0.005025386 -0.244389504 -78.686393738 0.002659488 0.999945879 -0.010009909 -7.216203690 0.244426727 0.009056298 0.969624996 416.550811768
0.969301701 -0.004210392 -0.245829061 -79.194137573 0.001905618 0.999951482 -0.009612677 -7.267425537 0.245857790 0.008849151 0.969265044 418.531860352
0.968974233 -0.002107031 -0.247143283 -79.717605591 0.000585304 0.999979973 -0.006230597 -7.305725098 0.247151628 0.005892649 0.968958437 420.378417969
0.968718469 -0.000829798 -0.248151377 -80.253585815 -0.000565560 0.999983966 -0.005551689 -7.345026970 0.248152182 0.005518383 0.968704879 422.367187500
0.968369901 -0.000636143 -0.249508783 -80.761642456 -0.000992202 0.999978542 -0.006400395 -7.386190891 0.249507695 0.006445529 0.968350887 424.295837402
0.968075097 -0.000526905 -0.250650138 -81.275611877 -0.001023313 0.999980688 -0.006054432 -7.423831463 0.250648677 0.006117654 0.968058288 426.249206543
0.967819035 -0.001444840 -0.251633525 -81.776847839 0.000341413 0.999989688 -0.004428684 -7.455651760 0.251637548 0.004200265 0.967811942 428.172729492
0.967634916 -0.002644488 -0.252330869 -82.283584595 0.001235991 0.999982357 -0.005740315 -7.491944313 0.252341837 0.005242665 0.967623472 430.131713867
0.967609048 -0.002250113 -0.252433956 -82.808082581 -0.000184260 0.999953270 -0.009619566 -7.523321152 0.252444059 0.009354517 0.967565775 432.078369141
0.967778146 -0.000886743 -0.251793414 -83.332000732 -0.001983660 0.999935448 -0.011145777 -7.568696976 0.251787305 0.011286140 0.967716336 434.051818848
0.967944205 0.000665263 -0.251155049 -83.839294434 -0.003036927 0.999953926 -0.009055557 -7.615991116 0.251137674 0.009528037 0.967904031 435.949340820
0.968156338 0.000513091 -0.250336200 -84.371086121 -0.002595542 0.999964237 -0.007988549 -7.656439781 0.250323385 0.008383944 0.968125522 437.925476074
0.968285799 -0.000474422 -0.249834865 -84.886573792 -0.001610871 0.999965131 -0.008142157 -7.693204880 0.249830246 0.008286408 0.968253732 439.886962891
0.968389511 -0.002107485 -0.249424189 -85.392555237 0.000039999 0.999965191 -0.008293834 -7.733310699 0.249433219 0.008021707 0.968358278 441.825439453
0.968344331 -0.004372939 -0.249570012 -85.896453857 0.002014881 0.999950528 -0.009703206 -7.771347523 0.249600321 0.008893216 0.968307614 443.768371582
0.968241274 -0.005502977 -0.249947131 -86.399818420 0.003230023 0.999949276 -0.009503055 -7.813827038 0.249986976 0.008393941 0.968212306 445.677429199
0.968004465 -0.005815463 -0.250855625 -86.914794922 0.003685327 0.999952734 -0.008960454 -7.859996319 0.250896096 0.007749299 0.967982471 447.636810303
0.967791259 -0.004297290 -0.251707435 -87.439590454 0.002206666 0.999960363 -0.008587478 -7.892281532 0.251734585 0.007755477 0.967764676 449.525238037
0.967500329 -0.002890867 -0.252843589 -87.953315735 0.001074645 0.999972343 -0.007321019 -7.933920383 0.252857983 0.006811393 0.967478871 451.455993652
0.967190683 -0.001529900 -0.254037350 -88.475395203 -0.000318056 0.999973536 -0.007233128 -7.974575520 0.254041910 0.007076635 0.967166722 453.368408203
0.966805100 -0.001530572 -0.255500793 -88.986076355 -0.000922738 0.999954402 -0.009481828 -8.021500587 0.255503893 0.009402867 0.966761708 455.307037354
0.966353655 -0.001282468 -0.257204384 -89.502296448 -0.001729398 0.999932349 -0.011483457 -8.061066628 0.257201970 0.011541922 0.966288149 457.209533691
0.965959609 -0.000376790 -0.258683205 -90.037132263 -0.002529867 0.999937117 -0.010903377 -8.107270241 0.258671284 0.011186687 0.965900064 459.166351318
0.965592444 0.000486167 -0.260050386 -90.567398071 -0.002990796 0.999952614 -0.009235713 -8.150361061 0.260033846 0.009695720 0.965550244 461.102874756
0.965203583 0.001401065 -0.261486739 -91.103034973 -0.003836908 0.999953628 -0.008805043 -8.188946724 0.261462539 0.009501987 0.965166271 463.005035400
0.964818954 0.000983535 -0.262904495 -91.637596130 -0.003654676 0.999946296 -0.009671276 -8.231932640 0.262881160 0.010291891 0.964772761 464.937438965
0.964382172 0.001501816 -0.264499694 -92.174354553 -0.004338522 0.999938905 -0.010140930 -8.270931244 0.264468610 0.010927301 0.964331806 466.835357666
0.963986576 0.001509146 -0.265937865 -92.723648071 -0.004039112 0.999951422 -0.008966684 -8.320405960 0.265911698 0.009717944 0.963947833 468.796997070
0.963570476 0.001415260 -0.267442137 -93.275283813 -0.003757849 0.999958694 -0.008247597 -8.369414330 0.267419696 0.008952174 0.963537991 470.737243652
0.963157177 0.000798562 -0.268929183 -93.818038940 -0.003497269 0.999947965 -0.009556061 -8.412576675 0.268907815 0.010144535 0.963111937 472.624786377
0.962768018 0.000547676 -0.270319819 -94.374084473 -0.003394430 0.999943376 -0.010063666 -8.445989609 0.270299256 0.010606588 0.962717354 474.505004883
0.962371767 0.000310405 -0.271727800 -94.931358337 -0.003016968 0.999949634 -0.009542857 -8.497256279 0.271711439 0.010003598 0.962326229 476.468292236
0.962040126 -0.000397855 -0.272899508 -95.482780457 -0.002557949 0.999941587 -0.010475233 -8.536208153 0.272888005 0.010775687 0.961984932 478.359344482
0.961642921 -0.000760915 -0.274295181 -96.034507751 -0.002149219 0.999944270 -0.010308816 -8.587398529 0.274287999 0.010502949 0.961589694 480.265777588
0.961357117 -0.000521529 -0.275295883 -96.586784363 -0.002674891 0.999933004 -0.011235270 -8.630483627 0.275283575 0.011537524 0.961293340 482.151855469
0.961200655 0.000569548 -0.275841773 -97.150650024 -0.004003195 0.999921083 -0.011884984 -8.678817749 0.275813490 0.012528135 0.961129010 484.026519775
0.961042345 0.001110669 -0.276391178 -97.725807190 -0.004304280 0.999930501 -0.010948279 -8.727500916 0.276360065 0.011711455 0.960982263 485.951416016
0.960988224 0.000437681 -0.276581258 -98.301986694 -0.003054924 0.999954224 -0.009032026 -8.774289131 0.276564926 0.009524632 0.960947514 487.885620117
0.960909128 -0.000318278 -0.276856273 -98.869834900 -0.002393334 0.999952137 -0.009456329 -8.816988945 0.276846290 0.009749309 0.960864246 489.822387695
0.960880697 -0.000888711 -0.276953638 -99.431221008 -0.002046888 0.999944448 -0.010310323 -8.863010406 0.276947677 0.010473912 0.960827410 491.748840332
0.960980296 -0.000726051 -0.276608258 -100.011466980 -0.002395789 0.999936938 -0.010948030 -8.905797958 0.276598990 0.011183565 0.960919857 493.672882080
0.961028457 -0.000719373 -0.276440948 -100.584732056 -0.002039629 0.999950707 -0.009692792 -8.957836151 0.276434481 0.009878912 0.960981548 495.596496582
0.961081326 0.000079055 -0.276257873 -101.155540466 -0.002300710 0.999967337 -0.007717871 -8.998836517 0.276248425 0.008053114 0.961052060 497.515808105
0.961094856 0.000239306 -0.276210636 -101.719139099 -0.002083873 0.999977231 -0.006384635 -9.042105675 0.276203007 0.006711849 0.961075425 499.453155518
0.961081624 0.000836171 -0.276255250 -102.299003601 -0.002980550 0.999968410 -0.007342532 -9.083477020 0.276240528 0.007880189 0.961055756 501.414154053
0.961033881 0.001145167 -0.276420057 -102.861572266 -0.003708598 0.999954641 -0.008751099 -9.124587059 0.276397616 0.009435260 0.960996568 503.316589355
0.960910559 0.001194111 -0.276848137 -103.432548523 -0.003782332 0.999953806 -0.008815059 -9.174758911 0.276824951 0.009517642 0.960872710 505.223724365
0.960746944 0.001251019 -0.277415127 -103.992576599 -0.003645848 0.999960244 -0.008116984 -9.219949722 0.277394056 0.008809807 0.960715294 507.136047363
0.960532784 0.000881139 -0.278157026 -104.555908203 -0.003028416 0.999968648 -0.007290082 -9.270319939 0.278142005 0.007844763 0.960507333 509.069091797
0.960385382 0.000591788 -0.278666317 -105.111236572 -0.002837207 0.999966502 -0.007654496 -9.307292938 0.278652549 0.008141926 0.960356891 510.889160156
0.960144579 0.000427655 -0.279495239 -105.684303284 -0.002785381 0.999963641 -0.008038543 -9.360248566 0.279481739 0.008496691 0.960112810 512.824523926
0.959983885 0.000147565 -0.280046761 -106.252388000 -0.002587991 0.999961674 -0.008344592 -9.404168129 0.280034900 0.008735458 0.959949434 514.703674316
0.959764540 0.000562137 -0.280796915 -106.825836182 -0.003301815 0.999951243 -0.009283795 -9.442451477 0.280778140 0.009837426 0.959721625 516.581298828
0.959592521 0.000075833 -0.281384617 -107.403869629 -0.002752726 0.999954462 -0.009118021 -9.491412163 0.281371236 0.009524189 0.959551096 518.488952637
0.959315062 -0.001017478 -0.282327563 -107.962394714 -0.001546121 0.999959409 -0.008857296 -9.535757065 0.282325238 0.008933477 0.959276497 520.374450684
0.959146619 -0.001037268 -0.282899112 -108.533058167 -0.001254077 0.999967694 -0.007918310 -9.580989838 0.282898307 0.007949623 0.959116280 522.224426270
0.959089637 -0.000020222 -0.283094138 -109.098594666 -0.002108507 0.999971569 -0.007214823 -9.630022049 0.283086389 0.007516591 0.959064305 524.096618652
0.959130764 0.001245931 -0.282952070 -109.655555725 -0.003812740 0.999956250 -0.008521037 -9.676207542 0.282929212 0.009251637 0.959095597 525.895874023
0.959175944 0.002306948 -0.282792270 -110.228256226 -0.005161951 0.999942780 -0.009351064 -9.719503403 0.282754660 0.010429103 0.959134996 527.768249512
0.959201276 0.002543449 -0.282704175 -110.795539856 -0.004890361 0.999958992 -0.007596286 -9.760194778 0.282673419 0.008668918 0.959176481 529.633239746
0.959135115 0.001396110 -0.282936275 -111.355079651 -0.003854875 0.999959290 -0.008133633 -9.797321320 0.282913566 0.008891964 0.959103644 531.460693359
0.959165156 0.000029393 -0.282837629 -111.920242310 -0.002787478 0.999952197 -0.009349066 -9.844221115 0.282823980 0.009755732 0.959121644 533.338928223
0.959092557 0.001471327 -0.283080012 -112.445396423 -0.004243305 0.999948621 -0.009179302 -9.887281418 0.283052146 0.010005025 0.959051728 535.080627441
0.959094465 0.003554526 -0.283055097 -112.999710083 -0.006069221 0.999949276 -0.008007686 -9.928750038 0.283012480 0.009398079 0.959069490 536.901000977
0.959290028 0.002792945 -0.282400191 -113.575737000 -0.006435144 0.999907374 -0.011970565 -9.975033760 0.282340825 0.013300565 0.959221244 538.785339355
0.959092140 0.000544064 -0.283084691 -114.132247925 -0.004240119 0.999913275 -0.012443817 -10.016948700 0.283053637 0.013135116 0.959013402 540.550903320
0.959121585 -0.001486121 -0.282981426 -114.696540833 -0.001902129 0.999929488 -0.011698278 -10.075197220 0.282979131 0.011758372 0.959053218 542.426025391
0.959097028 -0.000601006 -0.283067971 -115.261825562 -0.001971313 0.999959052 -0.008802367 -10.136187553 0.283061922 0.009000368 0.959058642 544.258361816
0.959035158 0.000871906 -0.283276856 -115.789093018 -0.003528784 0.999954224 -0.008868951 -10.178865433 0.283256382 0.009505288 0.958996356 546.027526855
0.959133923 0.002760740 -0.282930106 -116.335418701 -0.005240304 0.999953926 -0.008007442 -10.221472740 0.282895178 0.009162876 0.959106266 547.815551758
0.959144354 0.004494568 -0.282872647 -116.893585205 -0.006996809 0.999944568 -0.007836165 -10.266362190 0.282821923 0.009495246 0.959124625 549.648071289
0.959179461 0.005139798 -0.282742441 -117.442596436 -0.007799823 0.999935031 -0.008283058 -10.309185028 0.282681704 0.010150309 0.959159255 551.429870605
0.959113181 0.004201388 -0.282982558 -117.980400085 -0.007294569 0.999924302 -0.009877829 -10.357242584 0.282919854 0.011538223 0.959073365 553.217163086
0.958988130 0.003613259 -0.283414215 -118.510581970 -0.006635814 0.999930561 -0.009705461 -10.400190353 0.283359706 0.011188136 0.958947659 555.011901855
0.958998203 0.003323263 -0.283383578 -119.049629211 -0.006182752 0.999938250 -0.009196714 -10.445121765 0.283335745 0.010571752 0.958961725 556.751831055
0.958921909 0.003996179 -0.283633024 -119.590438843 -0.006740153 0.999939084 -0.008699100 -10.501696587 0.283581227 0.010253518 0.958892584 558.535095215
0.958872318 0.004975738 -0.283784926 -120.126190186 -0.007796569 0.999930441 -0.008811354 -10.534176826 0.283721566 0.010661543 0.958846629 560.346130371
0.958783031 0.005385973 -0.284078985 -120.667221069 -0.008216901 0.999927402 -0.008774498 -10.579013824 0.284011364 0.010747120 0.958759844 562.149353027
0.958614230 0.004918228 -0.284656554 -121.204177856 -0.007661178 0.999933958 -0.008523318 -10.625040054 0.284596086 0.010351410 0.958590746 563.904235840
0.958320022 0.004115882 -0.285658330 -121.741836548 -0.007005996 0.999933660 -0.009096124 -10.662712097 0.285602242 0.010718352 0.958287418 565.662231445
0.957983673 0.002254997 -0.286804944 -122.283866882 -0.005796592 0.999916673 -0.011499933 -10.697225571 0.286755413 0.012679278 0.957919061 567.366821289
0.957365036 0.000606898 -0.288871348 -122.821868896 -0.004319729 0.999915659 -0.012215530 -10.743975639 0.288839906 0.012942608 0.957289100 569.130615234
0.956669569 -0.000842665 -0.291165590 -123.362060547 -0.002362369 0.999940097 -0.010655888 -10.801656723 0.291157454 0.010882040 0.956612468 570.880310059
0.955791175 -0.001786488 -0.294032156 -123.903266907 -0.001230162 0.999948144 -0.010074344 -10.848077774 0.294035196 0.009990710 0.955741584 572.640930176
0.954753876 -0.002013007 -0.297381580 -124.449775696 -0.001042168 0.999948025 -0.010114696 -10.903129578 0.297386765 0.009966999 0.954704285 574.358215332
0.953458965 -0.001212073 -0.301511616 -124.991394043 -0.001743888 0.999952734 -0.009534456 -10.951607704 0.301509202 0.009616547 0.953413963 576.059082031
0.952010930 -0.000932921 -0.306054056 -125.548286438 -0.002120746 0.999950945 -0.009644885 -11.003133774 0.306048304 0.009831131 0.951964378 577.757812500
0.950506866 -0.000227053 -0.310695082 -126.109382629 -0.002812564 0.999952197 -0.009335233 -11.045784950 0.310682625 0.009747084 0.950462937 579.441467285
0.948916912 -0.000736355 -0.315516859 -126.674842834 -0.002142055 0.999958932 -0.008775963 -11.096524239 0.315510631 0.009003545 0.948878527 581.161682129
0.947476506 0.000441272 -0.319816768 -127.255455017 -0.003006360 0.999966860 -0.007526827 -11.133437157 0.319803149 0.008093003 0.947448671 582.850952148
0.946214259 -0.000047473 -0.323532522 -127.853660583 -0.003151868 0.999950886 -0.009364811 -11.180266380 0.323517352 0.009880880 0.946169853 584.584899902
0.945158124 -0.000790585 -0.326603949 -128.436660767 -0.003699559 0.999906659 -0.013126559 -11.220753670 0.326584131 0.013615004 0.945069253 586.269226074
0.944193363 -0.000980960 -0.329381973 -129.027603149 -0.004650499 0.999855816 -0.016308716 -11.270192146 0.329350770 0.016930420 0.944055080 587.918395996
0.943327546 -0.001238078 -0.331852466 -129.626510620 -0.004589177 0.999848366 -0.016775513 -11.326150894 0.331823230 0.017347783 0.943181336 589.588867188
0.942600250 -0.001482817 -0.333911568 -130.222213745 -0.004407949 0.999847353 -0.016883310 -11.377933502 0.333885968 0.017386125 0.942452371 591.240600586
0.942165375 -0.004039430 -0.335115433 -130.835174561 -0.001690655 0.999856949 -0.016805364 -11.440728188 0.335135728 0.016400047 0.942026377 592.890747070
0.941716790 -0.005196964 -0.336358219 -131.448486328 -0.000379623 0.999863207 -0.016511442 -11.497745514 0.336398393 0.015676839 0.941588581 594.549560547
0.941526353 -0.004962232 -0.336894691 -132.057052612 0.000636271 0.999915600 -0.012949906 -11.553695679 0.336930871 0.011978359 0.941452503 596.227233887
0.941490054 -0.004950029 -0.336996347 -132.653808594 0.000463565 0.999909878 -0.013392279 -11.602374077 0.337032616 0.012452516 0.941409886 597.849365234
0.941979468 -0.002789990 -0.335650831 -133.253845215 -0.002343629 0.999886096 -0.014888478 -11.652300835 0.335654467 0.014811324 0.941867948 599.476623535
0.942865670 -0.000012614 -0.333164901 -133.858428955 -0.006108273 0.999830902 -0.017324453 -11.694209099 0.333109140 0.018369744 0.942708492 601.150329590
0.944169164 0.002049631 -0.329446465 -134.456878662 -0.008432762 0.999803007 -0.017947474 -11.752495766 0.329345137 0.019723646 0.944002807 602.799804688
0.945813715 0.002623733 -0.324690640 -135.036392212 -0.009182049 0.999783218 -0.018668082 -11.804770470 0.324571580 0.020637907 0.945635200 604.426513672
0.947798967 0.002408140 -0.318850696 -135.620376587 -0.009322771 0.999752879 -0.020161707 -11.867325783 0.318723679 0.022081874 0.947589636 606.099914551
0.949810266 0.002406651 -0.312808603 -136.177001953 -0.009725376 0.999713838 -0.021838613 -11.927369118 0.312666833 0.023784781 0.949564219 607.734741211
0.951818585 0.000742257 -0.306652009 -136.732910156 -0.008232369 0.999698102 -0.023132717 -11.990614891 0.306542605 0.024542686 0.951539636 609.407958984
0.953646183 -0.001208204 -0.300918847 -137.264282227 -0.006043779 0.999712944 -0.023167344 -12.051572800 0.300860763 0.023912199 0.953367412 611.065734863
0.955335796 -0.004911019 -0.295472682 -137.786178589 -0.001845037 0.999742925 -0.022582101 -12.118709564 0.295507908 0.022118706 0.955083430 612.750549316
0.957014501 -0.007564559 -0.289932132 -138.291320801 0.000925832 0.999734044 -0.023027871 -12.183837891 0.290029466 0.021769639 0.956769347 614.390747070
0.958569109 -0.010293125 -0.284664452 -138.778656006 0.003672780 0.999710083 -0.023780748 -12.242156029 0.284826964 0.021750046 0.958331406 616.009155273
0.959913969 -0.012580220 -0.280002713 -139.271270752 0.005836636 0.999672413 -0.024904886 -12.306027412 0.280224562 0.022272339 0.959675312 617.673339844
0.961165309 -0.014328041 -0.275591254 -139.752304077 0.007412017 0.999630928 -0.026120512 -12.370785713 0.275864094 0.023063511 0.960919201 619.293395996
0.962379634 -0.016535871 -0.271194875 -140.229187012 0.009937893 0.999620259 -0.025684752 -12.435303688 0.271516919 0.022023441 0.962180972 620.914062500
0.963477254 -0.019312484 -0.267082930 -140.690551758 0.013000094 0.999592781 -0.025382875 -12.508653641 0.267464697 0.020983784 0.963338494 622.553710938
0.964555740 -0.021948362 -0.262954831 -141.158981323 0.015942305 0.999560952 -0.024952929 -12.573330879 0.263387382 0.019876448 0.964484692 624.228210449
0.965608895 -0.024146829 -0.258864969 -141.616561890 0.017943779 0.999492526 -0.026299082 -12.637868881 0.259368956 0.020749681 0.965554714 625.906921387
0.966569543 -0.026441447 -0.255026966 -142.066833496 0.019777453 0.999392986 -0.028660201 -12.706244469 0.255630314 0.022658370 0.966508389 627.600036621
0.967410266 -0.028531879 -0.251590759 -142.508148193 0.021838427 0.999329865 -0.029357392 -12.774920464 0.252260089 0.022906376 0.967387676 629.272888184
0.968200743 -0.029989552 -0.248359859 -142.952865601 0.023934152 0.999338388 -0.027366158 -12.852104187 0.249016523 0.020551726 0.968280494 630.963378906
0.968958616 -0.030228943 -0.245357290 -143.383987427 0.024283914 0.999333858 -0.027220350 -12.922074318 0.246016979 0.020417232 0.969049811 632.629882812
0.969671071 -0.032430951 -0.242241696 -143.802047729 0.026425311 0.999257922 -0.028001128 -12.991970062 0.242970303 0.020750647 0.969811141 634.286926270
0.970231354 -0.033196572 -0.239882842 -144.211624146 0.026906114 0.999203384 -0.029451832 -13.063550949 0.240669698 0.022120856 0.970354319 635.919921875
0.970635355 -0.035217911 -0.237952605 -144.617355347 0.029271772 0.999165118 -0.028477583 -13.125016212 0.238757104 0.020676129 0.970858514 637.563598633
0.971168339 -0.036835726 -0.235520586 -145.027603149 0.031099239 0.999122679 -0.028026566 -13.194043159 0.236346558 0.019894075 0.971464515 639.213806152
0.971697032 -0.037559845 -0.233214095 -145.427536011 0.031728949 0.999083638 -0.028705442 -13.259899139 0.234078765 0.020493431 0.972000957 640.835083008
0.972317576 -0.037228152 -0.230667323 -145.827560425 0.030732801 0.999024570 -0.031689852 -13.338027000 0.231622279 0.023723630 0.972515881 642.473144531
0.973027349 -0.035752021 -0.227890864 -146.229904175 0.029201593 0.999058902 -0.032052349 -13.407002449 0.228822529 0.024533123 0.973158360 644.173828125
0.973660588 -0.033825669 -0.225467399 -146.625900269 0.027738176 0.999160886 -0.030114027 -13.483000755 0.226297036 0.023066867 0.973784566 645.805175781
0.974250674 -0.032503806 -0.223100573 -147.009307861 0.026621919 0.999214768 -0.029322568 -13.553159714 0.223878697 0.022628244 0.974353671 647.448303223
0.974772811 -0.032722332 -0.220775887 -147.395065308 0.026996756 0.999216914 -0.028902734 -13.623391151 0.221548975 0.022213444 0.974895597 649.104187012
0.975089192 -0.034271672 -0.219137609 -147.769042969 0.028374365 0.999146283 -0.030003533 -13.700244904 0.219979018 0.023038311 0.975231886 650.754272461
0.975371838 -0.035908680 -0.217612430 -148.151855469 0.029790489 0.999064267 -0.031332336 -13.769556046 0.218534127 0.024077982 0.975531578 652.417663574
0.975643396 -0.036699280 -0.216258913 -148.517044067 0.030436197 0.999016523 -0.032222219 -13.845489502 0.217228979 0.024855383 0.975803554 654.056884766
0.975967884 -0.036480147 -0.214826941 -148.885238647 0.030381566 0.999037266 -0.031623699 -13.924892426 0.215773970 0.024337025 0.976139426 655.709838867
0.976293862 -0.035297934 -0.213539451 -149.248764038 0.029421097 0.999096692 -0.030638088 -14.001930237 0.214428231 0.023629302 0.976453304 657.373718262
0.976555586 -0.034475707 -0.212474182 -149.605651855 0.028880956 0.999150217 -0.029380390 -14.067715645 0.213306740 0.022555215 0.976724327 658.984497070
0.976800144 -0.035076004 -0.211248204 -149.957855225 0.029602710 0.999139667 -0.029017614 -14.143090248 0.212084487 0.022090977 0.977001071 660.623779297
0.977090120 -0.036752790 -0.209615976 -150.318405151 0.030994711 0.999047518 -0.030690301 -14.216156960 0.210544482 0.023490295 0.977301419 662.221191406
0.977265239 -0.038219336 -0.208534688 -150.684600830 0.031882472 0.998923719 -0.033666283 -14.289119720 0.209597155 0.026252385 0.977434754 663.853698730
0.977444708 -0.039574951 -0.207437739 -151.020248413 0.032739587 0.998804331 -0.036283262 -14.365296364 0.208625838 0.028673563 0.977574527 665.413269043
0.977772176 -0.039501317 -0.205902979 -151.366729736 0.032417256 0.998763680 -0.037667323 -14.450673103 0.207136512 0.030155363 0.977846622 667.031372070
0.978050351 -0.038800258 -0.204711691 -151.712875366 0.031598743 0.998764634 -0.038332853 -14.539365768 0.205946296 0.031022944 0.978070855 668.646057129
0.978285432 -0.039589588 -0.203433171 -152.047149658 0.032367416 0.998725533 -0.038708430 -14.623021126 0.204706505 0.031283401 0.978322804 670.251586914
0.978477478 -0.040087633 -0.202409372 -152.388015747 0.032903522 0.998706937 -0.038735639 -14.702859879 0.203700617 0.031242086 0.978534043 671.856994629
0.978761494 -0.040971257 -0.200853512 -152.723190308 0.033732709 0.998656034 -0.039331786 -14.787495613 0.202195197 0.031721223 0.978830814 673.428100586
0.979055703 -0.039856818 -0.199640080 -153.045608521 0.032015067 0.998588860 -0.042356487 -14.872928619 0.201046705 0.035078000 0.978952825 674.933593750
0.979538560 -0.038002037 -0.197623193 -153.374557495 0.029907536 0.998592615 -0.043785259 -14.962244034 0.199009120 0.036979061 0.979299128 676.507934570
0.980031490 -0.035983674 -0.195546180 -153.698165894 0.027809007 0.998626471 -0.044391353 -15.053851128 0.196875095 0.038067117 0.979688704 678.076965332
0.980532765 -0.034223706 -0.193336859 -154.019058228 0.025755342 0.998601973 -0.046147004 -15.148040771 0.194646031 0.040269330 0.980045974 679.653930664
0.981068671 -0.032047678 -0.190976456 -154.320816040 0.023269942 0.998574197 -0.048029929 -15.243397713 0.192243546 0.042676795 0.980418265 681.170349121
0.981763184 -0.026976999 -0.188170433 -154.642105103 0.018573601 0.998755157 -0.046280134 -15.341685295 0.189184815 0.041941270 0.981044829 682.775878906
0.982484639 -0.015778860 -0.185660303 -154.948028564 0.009249108 0.999308944 -0.035984330 -15.432885170 0.186099902 0.033636972 0.981954336 684.318603516
0.983399391 -0.007553285 -0.181282505 -155.275726318 0.003693418 0.999758780 -0.021620233 -15.511503220 0.181402162 0.020591842 0.983192861 685.929260254
0.984063148 0.000705416 -0.177803516 -155.570922852 -0.003290636 0.999892473 -0.014245301 -15.556818962 0.177774429 0.014603414 0.983962357 687.467346191
0.984628141 -0.003502782 -0.174613878 -155.849258423 0.000694980 0.999868870 -0.016138680 -15.595738411 0.174647585 0.015769301 0.984504163 689.054199219
0.984900951 -0.013932830 -0.172542229 -156.128463745 0.010035959 0.999674320 -0.023437031 -15.650256157 0.172812626 0.021351602 0.984722674 690.615417480
0.985185027 -0.022232365 -0.170032084 -156.400100708 0.016549824 0.999257803 -0.034765411 -15.712650299 0.170678839 0.031436469 0.984824538 692.211486816
0.985675812 -0.027259866 -0.166417912 -156.666671753 0.020961434 0.998999476 -0.039487492 -15.791377068 0.167327866 0.035433624 0.985263824 693.845886230
0.986426055 -0.024717623 -0.162319034 -156.928634644 0.018785968 0.999101281 -0.037977386 -15.868341446 0.163111895 0.034412678 0.986006677 695.375427246
0.987364411 -0.021455253 -0.156990424 -157.187820435 0.016396346 0.999305189 -0.033449098 -15.939825058 0.157599032 0.030452484 0.987033010 696.907287598
0.988347352 -0.017059935 -0.151238784 -157.436645508 0.012486307 0.999436319 -0.031139625 -16.007966995 0.151684791 0.028888451 0.988006175 698.393676758
0.989295840 -0.015839715 -0.145043328 -157.674514771 0.011421176 0.999445677 -0.031245997 -16.076549530 0.145457849 0.029255068 0.988931358 699.922058105
0.990198851 -0.015519060 -0.138780996 -157.906936646 0.011336165 0.999458015 -0.030880326 -16.147550583 0.139184996 0.029004518 0.989841104 701.421508789
0.991069913 -0.016714415 -0.132272124 -158.124237061 0.012683797 0.999430120 -0.031256571 -16.220710754 0.132719159 0.029299835 0.990720093 702.957153320
0.991958082 -0.017784104 -0.125290513 -158.332672119 0.013738565 0.999357462 -0.033079989 -16.290817261 0.125798270 0.031092757 0.991568029 704.474792480
0.992926836 -0.017645612 -0.117387138 -158.535598755 0.013706231 0.999317348 -0.034282260 -16.363424301 0.117911868 0.032430947 0.992493927 705.996154785
0.994010448 -0.016262684 -0.108044013 -158.712127686 0.012728763 0.999362886 -0.033318035 -16.432844162 0.108516924 0.031743310 0.993587255 707.533203125
0.995148361 -0.014394698 -0.097299732 -158.893005371 0.011300073 0.999414027 -0.032282013 -16.501096725 0.097707279 0.031025998 0.994731069 709.040222168
0.996201694 -0.011646921 -0.086262256 -159.045608521 0.008978767 0.999470234 -0.031254757 -16.570461273 0.086580418 0.030361608 0.995781720 710.564453125
0.997104883 -0.010023862 -0.075339332 -159.180267334 0.007692668 0.999483585 -0.031169722 -16.635799408 0.075612679 0.030500017 0.996670246 712.103332520
0.997852087 -0.010834469 -0.064563982 -159.291442871 0.008674826 0.999395549 -0.033637099 -16.706487656 0.064889178 0.033004873 0.997346044 713.626464844
0.998425722 -0.014509523 -0.054130591 -159.387878418 0.012519316 0.999238610 -0.036927130 -16.783029556 0.054624923 0.036191437 0.997850418 715.168090820
0.998825729 -0.018810352 -0.044585232 -159.462783813 0.017104972 0.999117851 -0.038328629 -16.856122971 0.045266591 0.037521120 0.998269677 716.711608887
0.999109387 -0.022142962 -0.035841476 -159.519485474 0.020811724 0.999093890 -0.037100222 -16.932615280 0.036630195 0.036321383 0.998668253 718.244323730
0.999383867 -0.022584276 -0.026766736 -159.573776245 0.021647496 0.999159336 -0.034787565 -17.006336212 0.027529543 0.034186814 0.999035895 719.795349121
0.999616802 -0.020910079 -0.017989475 -159.610671997 0.020324608 0.999275863 -0.032137401 -17.074609756 0.018648075 0.031759564 0.999321222 721.357910156
0.999774516 -0.018713688 -0.009759860 -159.633224487 0.018420365 0.999399126 -0.029329371 -17.137958527 0.010302461 0.029143078 0.999521792 722.891540527
0.999830961 -0.018038701 -0.002687417 -159.646820068 0.017958149 0.999459982 -0.027484998 -17.197105408 0.003181341 0.027432185 0.999618232 724.450439453
0.999804854 -0.019322243 0.003369678 -159.658218384 0.019410491 0.999405205 -0.028470863 -17.253953934 -0.002817991 0.028530814 0.999588549 726.001892090
0.999719918 -0.022156876 0.007968610 -159.656860352 0.022388067 0.999292433 -0.030191617 -17.311750412 -0.007294473 0.030361669 0.999511957 727.527221680
0.999589503 -0.026271272 0.011183658 -159.637557983 0.026621308 0.999119818 -0.032387890 -17.370418549 -0.010323407 0.032672431 0.999412417 729.075439453
0.999527872 -0.027490865 0.013518568 -159.629623413 0.027951196 0.998990953 -0.035126310 -17.433040619 -0.012539747 0.035487708 0.999291062 730.647949219
0.999452770 -0.028931269 0.015860502 -159.605331421 0.029530721 0.998803377 -0.038958248 -17.506347656 -0.014714891 0.039405435 0.999114573 732.265502930
0.999361873 -0.030731665 0.018049227 -159.583816528 0.031470254 0.998613775 -0.042167787 -17.589162827 -0.016728805 0.042709041 0.998947084 733.848510742
0.999288678 -0.031815417 0.020104362 -159.564987183 0.032684766 0.998473525 -0.044500452 -17.659173965 -0.018658362 0.045126066 0.998806655 735.411010742
0.999194980 -0.033424743 0.022054983 -159.532546997 0.034387976 0.998401046 -0.044841707 -17.739627838 -0.020521391 0.045564197 0.998750210 736.974670410
0.999144495 -0.033654749 0.023912555 -159.501571655 0.034650333 0.998493791 -0.042514145 -17.818910599 -0.022446236 0.043306507 0.998809278 738.554382324
0.999134064 -0.032357875 0.026045240 -159.463760376 0.033376858 0.998653591 -0.039686315 -17.892663956 -0.024726516 0.040521398 0.998872340 740.149597168
0.999126136 -0.030857461 0.028090531 -159.414413452 0.031909358 0.998774707 -0.037799679 -17.955438614 -0.026890228 0.038663130 0.998890102 741.771057129
0.999071658 -0.030875130 0.029946683 -159.372863770 0.031969596 0.998810768 -0.036781888 -18.035724640 -0.028775949 0.037705258 0.998874128 743.380371094
0.998994112 -0.031654224 0.031669583 -159.336196899 0.032820500 0.998774767 -0.037008256 -18.113548279 -0.030459845 0.038010571 0.998812616 744.933776855
0.998898268 -0.033137843 0.033139024 -159.301437378 0.034390789 0.998685420 -0.037979566 -18.194265366 -0.031837434 0.039077532 0.998728454 746.497253418
0.998788595 -0.035631929 0.033849552 -159.249710083 0.036964975 0.998530269 -0.039605297 -18.275669098 -0.032389127 0.040808700 0.998641491 748.076965332
0.998743773 -0.036210716 0.034551006 -159.198181152 0.037621923 0.998445094 -0.041105416 -18.356519699 -0.033009361 0.042353794 0.998556852 749.633300781
0.998747349 -0.035506539 0.035172690 -159.148498535 0.036991127 0.998410463 -0.042495161 -18.428014755 -0.033608466 0.043743152 0.998476982 751.199829102
0.998791754 -0.033501320 0.035871938 -159.100860596 0.034996744 0.998507380 -0.041902527 -18.509456635 -0.034415152 0.043107443 0.998477161 752.803161621
0.998799682 -0.032404348 0.036651280 -159.046035767 0.033879381 0.998609304 -0.040364679 -18.584585190 -0.035292864 0.041558087 0.998512208 754.439697266
0.998718739 -0.034183681 0.037234746 -158.985122681 0.035643753 0.998591185 -0.039279211 -18.662397385 -0.035840131 0.040556204 0.998533905 756.045776367
0.998652875 -0.035792556 0.037487932 -158.923660278 0.037192035 0.998609781 -0.037322048 -18.742414474 -0.036100514 0.038666151 0.998599470 757.688781738
0.998604834 -0.037113991 0.037483379 -158.862365723 0.038486961 0.998587608 -0.036594339 -18.814523697 -0.036072828 0.037986021 0.998626590 759.337951660
0.998657346 -0.035329446 0.037808396 -158.806945801 0.036844388 0.998512924 -0.040149573 -18.894634247 -0.036334265 0.041488819 0.998477697 760.941589355
0.998686075 -0.033547662 0.038663395 -158.753982544 0.035309561 0.998324037 -0.045823812 -18.975122452 -0.037061878 0.047128934 0.998200595 762.581787109
0.998651147 -0.033934262 0.039224330 -158.694793701 0.035844274 0.998151124 -0.049060900 -19.061981201 -0.037487533 0.050400846 0.998024821 764.185241699
0.998534560 -0.037334852 0.039101623 -158.632980347 0.039140258 0.998151302 -0.046469904 -19.149229050 -0.037294962 0.047932405 0.998153627 765.786254883
0.998411834 -0.040643334 0.038935993 -158.568450928 0.042225700 0.998276889 -0.040716071 -19.234270096 -0.037214637 0.042295635 0.998411357 767.433959961
0.998381674 -0.041404728 0.038907874 -158.499420166 0.042817950 0.998425007 -0.036216989 -19.302682877 -0.037347611 0.037824444 0.998585761 769.092346191
0.998402536 -0.040596645 0.039223753 -158.432434082 0.041978654 0.998501420 -0.035074834 -19.372270584 -0.037741624 0.036665469 0.998614132 770.745361328
0.998484790 -0.037921503 0.039803412 -158.374221802 0.039399020 0.998536527 -0.037014477 -19.445491791 -0.038342085 0.038526718 0.998521209 772.387023926
0.998537898 -0.035713222 0.040506974 -158.318161011 0.037297986 0.998539090 -0.039064657 -19.521621704 -0.039053243 0.040518489 0.998414755 774.049194336
0.998587132 -0.033860158 0.040883195 -158.263977051 0.035463318 0.998602808 -0.039144374 -19.600641251 -0.039501209 0.040539041 0.998396337 775.663879395
0.998613060 -0.032190107 0.041593052 -158.210754395 0.033737700 0.998742223 -0.037055906 -19.681932449 -0.040348478 0.038407877 0.998446703 777.294311523
0.998691142 -0.029043306 0.042032279 -158.150100708 0.030548533 0.998897076 -0.035621636 -19.762327194 -0.040951926 0.036859144 0.998480499 778.932556152
0.998699188 -0.027232595 0.043041576 -158.086654663 0.028780540 0.998944581 -0.035761472 -19.841398239 -0.042022850 0.036953818 0.998432457 780.574768066
0.998734057 -0.025020370 0.043571331 -158.025436401 0.026627267 0.998970389 -0.036696915 -19.919120789 -0.042608880 0.037810754 0.998375535 782.184020996
0.998714745 -0.024759552 0.044160645 -157.961074829 0.026406758 0.998960853 -0.037113976 -19.997817993 -0.043196414 0.038232520 0.998334229 783.794372559
0.998679221 -0.025180625 0.044723015 -157.891235352 0.026860166 0.998939693 -0.037357595 -20.079820633 -0.043735493 0.038509630 0.998300135 785.431335449
0.998631299 -0.026543792 0.045004483 -157.824035645 0.028268127 0.998872042 -0.038119849 -20.158220291 -0.043942459 0.039339978 0.998258650 787.035949707
0.998551428 -0.029276507 0.045082513 -157.747070312 0.030972384 0.998819530 -0.037388109 -20.240818024 -0.043935288 0.038730372 0.998282790 788.642517090
0.998480797 -0.031101996 0.045423090 -157.673721313 0.032728121 0.998832285 -0.035503961 -20.326471329 -0.044266395 0.036936741 0.998336136 790.255371094
0.998460174 -0.031303190 0.045737781 -157.613037109 0.032854065 0.998895466 -0.033557251 -20.407903671 -0.044637404 0.035008349 0.998389065 791.815856934
0.998426676 -0.030964322 0.046690673 -157.548858643 0.032499097 0.998942792 -0.032476444 -20.486942291 -0.045636296 0.033942845 0.998380721 793.358764648
0.998435259 -0.029826311 0.047244515 -157.485244751 0.031384178 0.998974979 -0.032581538 -20.563669205 -0.046224903 0.034013379 0.998351216 794.881530762
0.998413801 -0.030369740 0.047351073 -157.412384033 0.031954069 0.998940945 -0.033067401 -20.639909744 -0.046297282 0.034528106 0.998330176 796.448181152
0.998417735 -0.031166473 0.046747115 -157.347473145 0.032724932 0.998919904 -0.032949872 -20.717060089 -0.045670290 0.034427632 0.998362541 797.937072754
0.998448014 -0.031479806 0.045882501 -157.282653809 0.033029586 0.998894274 -0.033417899 -20.789272308 -0.044780377 0.034881610 0.998387098 799.400329590
0.998473644 -0.031778727 0.045113165 -157.219375610 0.033336110 0.998857677 -0.034197640 -20.865705490 -0.043975472 0.035649437 0.998395741 800.817749023
0.998555064 -0.030079124 0.044471294 -157.167984009 0.031622045 0.998906255 -0.034406260 -20.937265396 -0.043388337 0.035762914 0.998417377 802.234741211
0.998591781 -0.029291965 0.044171017 -157.104461670 0.030798528 0.998951972 -0.033819754 -21.010549545 -0.043134674 0.035132624 0.998450696 803.605163574
0.998659313 -0.028138071 0.043387040 -157.049392700 0.029598957 0.999002278 -0.033402640 -21.083866119 -0.042404458 0.034642167 0.998499095 804.960998535
0.998676360 -0.027848316 0.043180596 -157.000320435 0.029295782 0.999016047 -0.033256974 -21.151523590 -0.042212550 0.034478061 0.998512864 806.289611816
0.998682857 -0.028105725 0.042862818 -156.944030762 0.029567746 0.998987675 -0.033863712 -21.219621658 -0.041868255 0.035086565 0.998506188 807.584594727
0.998673797 -0.029352145 0.042232864 -156.891799927 0.030803913 0.998940766 -0.034143385 -21.288930893 -0.041186541 0.035399143 0.998523533 808.839172363
0.998724103 -0.029233100 0.041109845 -156.843170166 0.030637925 0.998951852 -0.033966146 -21.349794388 -0.040074412 0.035182431 0.998576462 810.074462891
0.998719811 -0.030327067 0.040416896 -156.799758911 0.031685214 0.998938382 -0.033395544 -21.419351578 -0.039361797 0.034633510 0.998623967 811.295227051
0.998765528 -0.029692622 0.039753471 -156.755950928 0.031027900 0.998958826 -0.033402242 -21.486858368 -0.038720876 0.034594573 0.998650372 812.482360840
0.998773575 -0.029205214 0.039910764 -156.715240479 0.030584550 0.998938739 -0.034396358 -21.555438995 -0.038864456 0.035574932 0.998610318 813.641601562
0.998790443 -0.027860126 0.040446971 -156.677917480 0.029335337 0.998907149 -0.036347385 -21.617273331 -0.039390728 0.037490062 0.998519659 814.757141113
0.998790503 -0.027247509 0.040860187 -156.638153076 0.028698938 0.998960912 -0.035364423 -21.678022385 -0.039854743 0.036494412 0.998538077 815.860473633
0.998776317 -0.027073093 0.041319855 -156.597961426 0.028471906 0.999026716 -0.033647049 -21.738029480 -0.040369317 0.034782439 0.998578489 816.964538574
0.998768270 -0.026692756 0.041759390 -156.559143066 0.028104642 0.999038935 -0.033594687 -21.796144485 -0.040823128 0.034727044 0.998561919 818.026794434
0.998744667 -0.026653498 0.042345148 -156.521865845 0.028166220 0.998970032 -0.035536204 -21.849531174 -0.041354980 0.036684409 0.998470008 819.075561523
0.998707414 -0.027210083 0.042866919 -156.483551025 0.028767243 0.998931408 -0.036135629 -21.904457092 -0.041838467 0.037322197 0.998426259 820.107666016
0.998693407 -0.026875481 0.043400846 -156.443511963 0.028410599 0.998976886 -0.035148248 -21.957712173 -0.042412426 0.036335483 0.998438418 821.115966797
0.998719156 -0.025437115 0.043674104 -156.404647827 0.026915735 0.999071300 -0.033606596 -22.008893967 -0.042779300 0.034739181 0.998479545 822.106201172
0.998704076 -0.025538545 0.043959372 -156.365249634 0.027010426 0.999081731 -0.033219256 -22.058479309 -0.043071240 0.034363672 0.998479962 823.074768066
0.998692811 -0.025447402 0.044266749 -156.328720093 0.026956437 0.999062657 -0.033831790 -22.108661652 -0.043364931 0.034980949 0.998445809 824.011596680
0.998685598 -0.024672478 0.044864081 -156.289611816 0.026225477 0.999064028 -0.034361430 -22.157560349 -0.043974914 0.035492957 0.998401105 824.930114746
0.998691738 -0.023945916 0.045119479 -156.254577637 0.025516702 0.999075353 -0.034564149 -22.205823898 -0.044250697 0.035670340 0.998382568 825.832763672
0.998652995 -0.025427110 0.045165982 -156.215301514 0.026974127 0.999057174 -0.033977509 -22.254844666 -0.044260055 0.035150163 0.998400569 826.711730957
0.998653293 -0.026100097 0.044774521 -156.175537109 0.027617516 0.999051988 -0.033611581 -22.303316116 -0.043855410 0.034802981 0.998430610 827.585327148
0.998659253 -0.027208144 0.043974221 -156.143051147 0.028676804 0.999038637 -0.033118118 -22.349147797 -0.043031462 0.034334853 0.998482704 828.411437988
0.998713136 -0.027423168 0.042595062 -156.112274170 0.028798584 0.999071002 -0.032017983 -22.391647339 -0.041678049 0.033203553 0.998578370 829.213317871
0.998747826 -0.028647380 0.040942222 -156.085845947 0.029920688 0.999075353 -0.030831449 -22.432704926 -0.040021710 0.032017957 0.998684824 829.997436523
0.998820782 -0.028775400 0.039028801 -156.060882568 0.029967809 0.999089658 -0.030317130 -22.470987320 -0.038121466 0.031451076 0.998777151 830.755676270
0.998926818 -0.027877059 0.036908865 -156.039611816 0.029006558 0.999114633 -0.030426970 -22.508211136 -0.036028553 0.031465005 0.998854399 831.488464355
0.998993695 -0.027896045 0.035036419 -156.015335083 0.028983615 0.999100029 -0.030924521 -22.543899536 -0.034142788 0.031908974 0.998906493 832.195556641
0.999037623 -0.028121976 0.033573888 -155.994430542 0.029164698 0.999093056 -0.030980429 -22.576704025 -0.032672778 0.031929877 0.998955011 832.885803223
0.999089241 -0.027635274 0.032422483 -155.973464966 0.028678080 0.999070227 -0.032149043 -22.612361908 -0.031504456 0.033049669 0.998956084 833.557189941
0.999142468 -0.026637454 0.031606697 -155.957000732 0.027647000 0.999105871 -0.031943414 -22.648017883 -0.030728107 0.032789942 0.998988807 834.210998535
0.999199450 -0.025700537 0.030562431 -155.938629150 0.026680199 0.999127507 -0.032088418 -22.681671143 -0.029711634 0.032878235 0.999016702 834.847290039
0.999226511 -0.025492685 0.029843096 -155.923309326 0.026466431 0.999113381 -0.032699399 -22.711147308 -0.028983597 0.033464041 0.999018669 835.466003418
0.999241292 -0.025622791 0.029230587 -155.909790039 0.026600534 0.999081194 -0.033563435 -22.743320465 -0.028344292 0.034315620 0.999008119 836.062072754
0.999234676 -0.025798066 0.029304186 -155.894622803 0.026793189 0.999058306 -0.034086805 -22.770975113 -0.028397769 0.034845971 0.998988271 836.649291992
0.999253333 -0.024676709 0.029631561 -155.881179810 0.025659272 0.999116302 -0.033247776 -22.797735214 -0.028785486 0.033983380 0.999006867 837.223449707
0.999253273 -0.023683267 0.030433971 -155.866119385 0.024673987 0.999162495 -0.032598462 -22.826978683 -0.029637005 0.033325151 0.999004126 837.778320312
0.999237716 -0.023146776 0.031342153 -155.851715088 0.024152296 0.999191642 -0.032090608 -22.855514526 -0.030574586 0.032823231 0.998992503 838.323730469
0.999208331 -0.023282032 0.032169409 -155.837493896 0.024298733 0.999204278 -0.031581495 -22.880453110 -0.031409096 0.032338265 0.998982430 838.849548340
0.999132872 -0.025685592 0.032678433 -155.819610596 0.026686998 0.999174356 -0.030584147 -22.904958725 -0.031866454 0.031429816 0.998996913 839.365600586
0.999111295 -0.025779434 0.033260271 -155.801574707 0.026795898 0.999174476 -0.030483814 -22.931575775 -0.032447532 0.031348061 0.998980761 839.848937988
0.999083757 -0.025830250 0.034039583 -155.785675049 0.026902284 0.999142647 -0.031419199 -22.958690643 -0.033199407 0.032306254 0.998925567 840.324523926
0.999112070 -0.024433879 0.034240000 -155.771102905 0.025533969 0.999158025 -0.032066498 -22.981536865 -0.033428237 0.032912411 0.998898149 840.781188965
0.999091983 -0.024720516 0.034618318 -155.756515503 0.025879806 0.999103844 -0.033447951 -23.003757477 -0.033761021 0.034313604 0.998839796 841.222290039
0.999067545 -0.025628705 0.034663223 -155.740631104 0.026834322 0.999033451 -0.034772824 -23.025032043 -0.033739112 0.035670679 0.998793006 841.650939941
0.998979986 -0.028743468 0.034742493 -155.723526001 0.029990211 0.998903394 -0.035911176 -23.043813705 -0.033672757 0.036916602 0.998749971 842.066589355
0.998961031 -0.028917158 0.035140917 -155.710433960 0.030167183 0.998910069 -0.035575941 -23.063163757 -0.034074437 0.036599196 0.998748064 842.466857910
0.998955488 -0.028725099 0.035455316 -155.699386597 0.029951492 0.998952389 -0.034555431 -23.084484100 -0.034426145 0.035581391 0.998772740 842.848510742
