1.000000000 0.000000000 0.000000000 0.000000000 0.000000000 1.000000000 0.000000000 0.000000000 0.000000000 0.000000000 1.000000000 0.000000000
0.999999404 -0.000255680 0.001072404 0.000681181 0.000255706 0.999999940 -0.000024149 -0.006617188 -0.001072397 0.000024423 0.999999404 0.435653508
0.999996841 0.001583966 0.001936146 -0.004082344 -0.001579630 0.999996245 -0.002238781 -0.012432542 -0.001939685 0.002235715 0.999995649 0.865886569
0.999993920 0.003073354 0.001646652 -0.011380349 -0.003066055 0.999985576 -0.004416645 -0.016792495 -0.001660202 0.004411569 0.999988973 1.293436766
0.999998033 0.001892759 -0.000563044 -0.012448942 -0.001895568 0.999985576 -0.005032358 -0.024972279 0.000553511 0.005033416 0.999987245 1.722839952
0.999992788 -0.000812812 -0.003710284 -0.014396599 0.000792742 0.999985099 -0.005407595 -0.033422887 0.003714624 0.005404614 0.999978602 2.148566961
0.999963343 -0.003974687 -0.007581566 -0.016918169 0.003942213 0.999983013 -0.004293567 -0.040574826 0.007598503 0.004263520 0.999962151 2.565615892
0.999908447 -0.005738262 -0.012254801 -0.021224482 0.005694667 0.999977350 -0.003589322 -0.046714932 0.012275120 0.003519204 0.999918580 2.985844851
0.999861360 -0.003834062 -0.016205300 -0.036162958 0.003781792 0.999987602 -0.003254946 -0.053362932 0.016217580 0.003193208 0.999863505 3.399835110
0.999787092 -0.003066471 -0.020407107 -0.050489224 0.003004302 0.999990821 -0.003076425 -0.063157789 0.020416357 0.003014458 0.999787152 3.812677145
0.999689937 -0.002460512 -0.024780190 -0.064260863 0.002371902 0.999990761 -0.003604636 -0.070600830 0.024788832 0.003544740 0.999686539 4.220026970
0.999582708 -0.002194524 -0.028804585 -0.078607574 0.002106695 0.999993086 -0.003079130 -0.079297766 0.028811146 0.003017160 0.999580443 4.626149654
0.999445200 -0.002773407 -0.033192653 -0.095037684 0.002665475 0.999991059 -0.003295542 -0.084837653 0.033201501 0.003205237 0.999443650 5.021368027
0.999272406 -0.002930266 -0.038029119 -0.113524660 0.002753221 0.999985158 -0.004707069 -0.089498848 0.038042348 0.004598939 0.999265671 5.413290024
0.999086320 -0.003431145 -0.042600747 -0.131853238 0.003217511 0.999981940 -0.005082365 -0.095058784 0.042617418 0.004940651 0.999079347 5.792134762
0.998930275 -0.002547226 -0.046172027 -0.156499892 0.002342009 0.999987185 -0.004498201 -0.102793045 0.046182893 0.004385253 0.998923481 6.162296772
0.998769343 -0.001075851 -0.049585454 -0.183051378 0.000886776 0.999992311 -0.003834969 -0.109871134 0.049589198 0.003786277 0.998762608 6.518006325
0.998608053 -0.000231609 -0.052744586 -0.206010535 0.000074974 0.999995649 -0.002971670 -0.118729636 0.052745041 0.002963578 0.998603702 6.865830421
0.998483598 0.000262285 -0.055049844 -0.228616193 -0.000413890 0.999996245 -0.002742587 -0.126403287 0.055048913 0.002761211 0.998479962 7.197129250
0.998376966 0.001418833 -0.056933288 -0.252525300 -0.001601253 0.999993861 -0.003158639 -0.133017421 0.056928445 0.003244675 0.998373151 7.514729500
0.998287678 0.001716410 -0.058469824 -0.276037574 -0.001939042 0.999991179 -0.003751119 -0.139599249 0.058462858 0.003858070 0.998282254 7.815370560
0.998195291 0.001195592 -0.060038880 -0.299917787 -0.001464273 0.999989212 -0.004431337 -0.147250593 0.060032919 0.004511252 0.998186290 8.103824615
0.998099148 0.001448686 -0.061610930 -0.321522295 -0.001782173 0.999984145 -0.005358184 -0.152950913 0.061602175 0.005457799 0.998085916 8.378452301
0.998011649 0.002283846 -0.062987417 -0.343486071 -0.002716351 0.999973416 -0.006781750 -0.158989608 0.062970236 0.006939360 0.997991323 8.644912720
0.997949600 0.002894454 -0.063938089 -0.365533501 -0.003410057 0.999962628 -0.007956452 -0.165622279 0.063912652 0.008158169 0.997922182 8.906977654
0.997905970 0.002386487 -0.064636312 -0.384570003 -0.002970174 0.999955773 -0.008935756 -0.172111824 0.064612113 0.009109024 0.997868896 9.163317680
0.997873962 0.001492519 -0.065154500 -0.403080851 -0.002141417 0.999948919 -0.009890698 -0.179215938 0.065136395 0.010009193 0.997826159 9.416908264
0.997828245 0.000332927 -0.065867357 -0.421313107 -0.001067496 0.999937773 -0.011117388 -0.186203718 0.065859541 0.011163557 0.997766435 9.664174080
0.997776330 0.000586944 -0.066647574 -0.441547036 -0.001439766 0.999917865 -0.012748699 -0.193237871 0.066634595 0.012816306 0.997695148 9.908607483
0.997718930 0.002197972 -0.067468174 -0.464480072 -0.003087401 0.999909818 -0.013081505 -0.199321076 0.067433320 0.013259967 0.997635663 10.151041985
0.997648001 0.004338778 -0.068406381 -0.488644749 -0.005114038 0.999924779 -0.011162108 -0.204105437 0.068352789 0.011485687 0.997595131 10.397105217
0.997629762 0.003662571 -0.068710983 -0.506830037 -0.004208619 0.999960899 -0.007803947 -0.206802338 0.068679690 0.008074629 0.997606158 10.645203590
0.997618258 0.002416951 -0.068932526 -0.521959662 -0.002817924 0.999979854 -0.005720248 -0.213234797 0.068917282 0.005900871 0.997604966 10.890009880
0.997615278 0.000764540 -0.069013759 -0.536892235 -0.001275052 0.999972343 -0.007353512 -0.223435968 0.069006190 0.007423973 0.997588694 11.122913361
0.997604907 0.000641285 -0.069164887 -0.554872513 -0.001339994 0.999948800 -0.010056181 -0.232031882 0.069154851 0.010124777 0.997554660 11.361385345
0.997618556 0.001753758 -0.068947636 -0.575860500 -0.002542441 0.999932587 -0.011352785 -0.240480259 0.068923034 0.011501045 0.997555792 11.601557732
0.997628331 0.002953707 -0.068765178 -0.596173584 -0.003782827 0.999921918 -0.011930174 -0.248682320 0.068724535 0.012162006 0.997561634 11.838282585
0.997651279 0.002774208 -0.068439148 -0.613364100 -0.003626114 0.999917686 -0.012326550 -0.256143957 0.068399273 0.012545765 0.997579277 12.071640015
0.997680068 0.001120557 -0.068064921 -0.628622353 -0.001941783 0.999926329 -0.012000373 -0.262630463 0.068046413 0.012104699 0.997608840 12.306694984
0.997717500 0.000456066 -0.067521580 -0.641981483 -0.001192231 0.999940455 -0.010862780 -0.267813265 0.067512557 0.010918486 0.997658789 12.543256760
0.997783601 0.002826464 -0.066478454 -0.661056757 -0.003772293 0.999893546 -0.014106376 -0.273201227 0.066431455 0.014325887 0.997688234 12.781205177
0.997823775 0.006163726 -0.065644100 -0.684106767 -0.007621109 0.999729633 -0.021974050 -0.278408349 0.065490864 0.022426514 0.997601211 13.027982712
0.997887969 0.005944768 -0.064681798 -0.701933563 -0.007858946 0.999537587 -0.029379690 -0.280822605 0.064477183 0.029825974 0.997473419 13.297680855
0.997990429 0.003172878 -0.063280866 -0.717495024 -0.005220952 0.999467134 -0.032225795 -0.286752611 0.063144848 0.032491427 0.997475386 13.579885483
0.998086154 0.000641571 -0.061830662 -0.733143270 -0.002437914 0.999577105 -0.028981596 -0.299876034 0.061785869 0.029076871 0.997665823 13.891866684
0.998202145 0.000448195 -0.059931494 -0.750106394 -0.002042852 0.999645531 -0.026549418 -0.313501179 0.059898298 0.026624117 0.997849405 14.219850540
0.998329818 0.002444158 -0.057715781 -0.772451401 -0.003870908 0.999689460 -0.024621451 -0.326153249 0.057637628 0.024803743 0.998029411 14.560690880
0.998422503 0.003159832 -0.056053448 -0.790692329 -0.004494872 0.999708951 -0.023707228 -0.340994358 0.055962171 0.023921784 0.998146296 14.905215263
0.998529911 0.002253649 -0.054151446 -0.807144642 -0.003642378 0.999666810 -0.025560301 -0.348068625 0.054075748 0.025719967 0.998205543 15.275485992
0.998650908 0.000962370 -0.051911876 -0.822216034 -0.002361342 0.999635696 -0.026894409 -0.359230608 0.051867027 0.026980713 0.998289466 15.650683403
0.998731673 0.000991296 -0.050334495 -0.838265061 -0.002345855 0.999636710 -0.026859257 -0.371742696 0.050289527 0.026943272 0.998371184 16.043638229
0.998795688 0.000894348 -0.049050651 -0.853918612 -0.002153805 0.999669373 -0.025629843 -0.382596105 0.049011461 0.025704626 0.998467386 16.450212479
0.998858273 0.001693180 -0.047736760 -0.873338580 -0.002835448 0.999711215 -0.023870949 -0.392150134 0.047682509 0.023979055 0.998574615 16.853719711
0.998900175 0.001139527 -0.046867654 -0.892923295 -0.002199976 0.999742746 -0.022581127 -0.404717475 0.046829812 0.022659404 0.998645782 17.276384354
0.998893321 0.002057489 -0.046981882 -0.914226890 -0.003100088 0.999750495 -0.022129450 -0.417011350 0.046924572 0.022250613 0.998650491 17.698677063
0.998843908 0.002491937 -0.048000898 -0.937428415 -0.003536678 0.999758601 -0.021692412 -0.430621088 0.047935199 0.021837102 0.998611629 18.134172440
0.998782277 0.003374309 -0.049213711 -0.964242280 -0.004355829 0.999793649 -0.019850437 -0.443767428 0.049136516 0.020040635 0.998590887 18.576066971
0.998730302 0.003925668 -0.050218448 -0.989457130 -0.004840297 0.999824584 -0.018104387 -0.459235251 0.050138507 0.018324478 0.998574018 19.035169601
0.998672426 0.005350794 -0.051226906 -1.016430497 -0.006250341 0.999828994 -0.017415984 -0.475506335 0.051124897 0.017713055 0.998534977 19.496776581
0.998599172 0.008729839 -0.052182429 -1.048943520 -0.009713012 0.999779701 -0.018617237 -0.487473130 0.052008346 0.019098014 0.998463809 19.965740204
0.998549879 0.010986002 -0.052697666 -1.081418633 -0.011984567 0.999754012 -0.018670486 -0.498827785 0.052479532 0.019274976 0.998435795 20.437974930
0.998503208 0.011742623 -0.053413711 -1.107976079 -0.012580215 0.999802828 -0.015372070 -0.508636594 0.053222612 0.016021023 0.998453915 20.922748566
0.998493433 0.009884589 -0.053969495 -1.132846594 -0.010477659 0.999887764 -0.010717055 -0.518220484 0.053857449 0.011266388 0.998484850 21.408021927
0.998453796 0.009451804 -0.054773349 -1.160058141 -0.009829042 0.999929845 -0.006621920 -0.532067657 0.054706860 0.007150056 0.998476624 21.891378403
0.998417437 0.011472831 -0.055049490 -1.193817973 -0.011755249 0.999919415 -0.004809116 -0.544563651 0.054989822 0.005448630 0.998471797 22.375797272
0.998322606 0.016120268 -0.055601127 -1.231324792 -0.016338995 0.999860466 -0.003481417 -0.559168816 0.055537194 0.004384049 0.998446763 22.860664368
0.998249948 0.017397089 -0.056513261 -1.265330672 -0.017650818 0.999836206 -0.003993572 -0.568086922 0.056434475 0.004984093 0.998393655 23.350688934
0.998203814 0.016553452 -0.057570312 -1.296571732 -0.016909907 0.999840677 -0.005709867 -0.574989736 0.057466567 0.006673124 0.998324931 23.841440201
0.998204827 0.013405592 -0.058365762 -1.326935410 -0.013891822 0.999871969 -0.007932858 -0.580870390 0.058251891 0.008729428 0.998263538 24.338861465
0.998190224 0.012714564 -0.058768842 -1.359145761 -0.013246327 0.999874651 -0.008667567 -0.588196933 0.058651216 0.009430357 0.998233795 24.841386795
0.998175859 0.014860751 -0.058509510 -1.395160675 -0.015369776 0.999847770 -0.008259309 -0.600474834 0.058377806 0.009143526 0.998252511 25.341831207
0.998179436 0.016977880 -0.057868186 -1.429422855 -0.017442245 0.999819517 -0.007528711 -0.610884964 0.057729863 0.008524360 0.998295665 25.851728439
0.998201728 0.018260166 -0.057087205 -1.461899519 -0.018710064 0.999797881 -0.007356188 -0.622631967 0.056941282 0.008411068 0.998341918 26.354362488
0.998282671 0.017540896 -0.055885047 -1.493977070 -0.017984448 0.999810576 -0.007443726 -0.632207334 0.055743832 0.008436007 0.998409271 26.868577957
0.998360395 0.016560748 -0.054784842 -1.522093654 -0.017016308 0.999824345 -0.007859313 -0.641309142 0.054645002 0.008778666 0.998467028 27.385810852
0.998429596 0.015467437 -0.053835068 -1.548346996 -0.015925193 0.999840498 -0.008084248 -0.650178611 0.053701382 0.008928889 0.998516917 27.912277222
0.998500288 0.014430433 -0.052801576 -1.575828433 -0.014886186 0.999855161 -0.008248249 -0.661579847 0.052674849 0.009021897 0.998570800 28.440727234
0.998570979 0.013449103 -0.051712375 -1.602550507 -0.013913646 0.999865949 -0.008633640 -0.672864676 0.051589273 0.009340814 0.998624563 28.971324921
0.998622298 0.013900953 -0.050590102 -1.633050203 -0.014369752 0.999857068 -0.008914630 -0.682988346 0.050458893 0.009629320 0.998679578 29.504352570
0.998669744 0.013867739 -0.049655475 -1.662715435 -0.014349899 0.999853194 -0.009366711 -0.694147229 0.049518235 0.010066805 0.998722374 30.042163849
0.998708189 0.013576087 -0.048957143 -1.690250874 -0.014074808 0.999852419 -0.009856453 -0.704650640 0.048816051 0.010532787 0.998752117 30.586406708
0.998740733 0.013181509 -0.048398156 -1.718761325 -0.013687911 0.999854863 -0.010146656 -0.714648008 0.048257325 0.010796352 0.998776495 31.135715485
0.998759627 0.012924631 -0.048076414 -1.746536136 -0.013448250 0.999853551 -0.010583807 -0.725768864 0.047932524 0.011217226 0.998787522 31.686466217
0.998793185 0.012441359 -0.047503628 -1.775899887 -0.012987290 0.999852955 -0.011200986 -0.738369703 0.047357231 0.011804415 0.998808205 32.244895935
0.998812258 0.011997793 -0.047216088 -1.807663441 -0.012579745 0.999848366 -0.012047400 -0.750721514 0.047064327 0.012627061 0.998811960 32.804214478
0.998825788 0.011689986 -0.047007311 -1.839864731 -0.012296254 0.999844730 -0.012628825 -0.763832629 0.046852320 0.013192014 0.998814642 33.373043060
0.998846054 0.010895483 -0.046766527 -1.871580482 -0.011526265 0.999845982 -0.013239426 -0.780743003 0.046615016 0.013763195 0.998818040 33.950202942
0.998848140 0.010765553 -0.046751987 -1.904305220 -0.011415053 0.999841690 -0.013647747 -0.795612872 0.046597607 0.014165706 0.998813272 34.526935577
0.998846233 0.010292619 -0.046898715 -1.935168505 -0.010945526 0.999846399 -0.013686126 -0.812850893 0.046750594 0.014183668 0.998805881 35.110450745
0.998828769 0.010301045 -0.047266625 -1.963372231 -0.010966346 0.999844074 -0.013837797 -0.826896787 0.047116660 0.014339933 0.998786449 35.706508636
0.998817503 0.010229420 -0.047518991 -1.996251941 -0.010901800 0.999843776 -0.013912165 -0.843140244 0.047369201 0.014413758 0.998773396 36.297554016
0.998804331 0.009657421 -0.047914140 -2.026083231 -0.010322388 0.999853551 -0.013650347 -0.858240962 0.047775246 0.014128616 0.998758137 36.894386292
0.998778462 0.009609372 -0.048459653 -2.057189941 -0.010236694 0.999866784 -0.012713745 -0.873731732 0.048330978 0.013194285 0.998744190 37.498001099
0.998759866 0.009649309 -0.048833888 -2.093098640 -0.010245736 0.999875784 -0.011977878 -0.890532374 0.048712194 0.012463368 0.998735070 38.093677521
0.998734117 0.010006534 -0.049285654 -2.130152464 -0.010582754 0.999878526 -0.011444443 -0.908722460 0.049165100 0.011951539 0.998719156 38.691925049
0.998701870 0.010358959 -0.049862176 -2.170782804 -0.010915138 0.999881089 -0.010895035 -0.923044324 0.049743339 0.011425151 0.998696685 39.286632538
0.998654783 0.010291545 -0.050810166 -2.206329584 -0.010840014 0.999885857 -0.010530787 -0.939247012 0.050695941 0.011067409 0.998652816 39.887683868
0.998595297 0.010016458 -0.052020345 -2.238195419 -0.010605969 0.999882579 -0.011068737 -0.952514350 0.051903315 0.011604920 0.998584688 40.494274139
0.998550057 0.010169050 -0.052852843 -2.277287960 -0.010793217 0.999875247 -0.011537649 -0.966505289 0.052728873 0.012091379 0.998535633 41.095623016
0.998479486 0.011025564 -0.054000892 -2.312431574 -0.011695445 0.999858439 -0.012104810 -0.978636563 0.053859733 0.012717977 0.998467505 41.700843811
0.998412490 0.011097585 -0.055212051 -2.347414494 -0.011826050 0.999847174 -0.012884844 -0.994121909 0.055060573 0.013517337 0.998391509 42.310836792
0.998340130 0.011338118 -0.056457318 -2.380230904 -0.012077877 0.999845505 -0.012779126 -1.010487556 0.056303654 0.013439806 0.998323202 42.912136078
0.998307645 0.009452133 -0.057373002 -2.419488907 -0.010157928 0.999876201 -0.012022781 -1.026962161 0.057252210 0.012585232 0.998280406 43.527503967
0.998235643 0.008993168 -0.058684736 -2.453888655 -0.009689042 0.999886096 -0.011584170 -1.042484879 0.058573820 0.012132337 0.998209357 44.132526398
0.998179078 0.009927431 -0.059490483 -2.499104977 -0.010634317 0.999876618 -0.011577623 -1.060882926 0.059368152 0.012189189 0.998161793 44.740043640
0.998111606 0.010705256 -0.060479820 -2.543692112 -0.011527631 0.999845743 -0.013265076 -1.077260256 0.060328431 0.013937222 0.998081326 45.360305786
0.998046160 0.010249021 -0.061628461 -2.586015701 -0.011286939 0.999800026 -0.016517103 -1.096293807 0.061446805 0.017180435 0.997962534 45.966514587
0.998010457 0.007021649 -0.062649831 -2.624736309 -0.008266744 0.999773145 -0.019636940 -1.115207911 0.062497683 0.020115791 0.997842371 46.569236755
0.997973382 0.004669869 -0.063454300 -2.667054176 -0.006056212 0.999746859 -0.021673253 -1.133981347 0.063336968 0.022013629 0.997749388 47.182327271
0.997923970 0.005507667 -0.064160436 -2.711726189 -0.007001316 0.999709249 -0.023078473 -1.153323650 0.064014614 0.023479776 0.997672677 47.788417816
0.997839093 0.008672290 -0.065123506 -2.758883238 -0.010074088 0.999723971 -0.021227840 -1.173920274 0.064921387 0.021838035 0.997651339 48.397434235
0.997792125 0.009359513 -0.065745510 -2.805570364 -0.010454501 0.999812067 -0.016330749 -1.191326737 0.065580241 0.016982034 0.997702718 49.009628296
0.997758865 0.008589280 -0.066353187 -2.847763300 -0.009281172 0.999905705 -0.010126263 -1.207466602 0.066259883 0.010719405 0.997744799 49.625553131
0.997751534 0.007609035 -0.066583008 -2.891906500 -0.007788823 0.999966681 -0.002441084 -1.222602844 0.066562146 0.002954197 0.997777879 50.241962433
0.997769177 0.009234933 -0.066111647 -2.938346386 -0.008996082 0.999951839 0.003909567 -1.234004259 0.066144504 -0.003306104 0.997804582 50.862972260
0.997844160 0.010045990 -0.064849146 -2.984529972 -0.009610808 0.999929130 0.007019090 -1.243611813 0.064915009 -0.006380712 0.997870386 51.479091644
0.997915983 0.011037586 -0.063569754 -3.027024269 -0.010621072 0.999919832 0.006886226 -1.252124786 0.063640617 -0.006196702 0.997953653 52.087684631
0.998040557 0.011942548 -0.061413523 -3.068122387 -0.011752169 0.999924898 0.003460155 -1.257087111 0.061450180 -0.002731638 0.998106360 52.698993683
0.998130798 0.012964678 -0.059716161 -3.109294176 -0.013014141 0.999915183 -0.000439531 -1.262225747 0.059705343 0.001215860 0.998215199 53.306179047
0.998218536 0.011039363 -0.058627054 -3.144396067 -0.011298194 0.999927819 -0.004085331 -1.267232537 0.058577672 0.004740431 0.998271525 53.910930634
0.998316467 0.008533805 -0.057364453 -3.177283764 -0.008946056 0.999935925 -0.006933671 -1.276352644 0.057301559 0.007435182 0.998329163 54.506755829
0.998411477 0.007839546 -0.055788640 -3.216013432 -0.008308685 0.999931991 -0.008182399 -1.288767099 0.055720653 0.008632930 0.998409033 55.108928680
0.998434663 0.010553213 -0.054919414 -3.259157896 -0.010985014 0.999911010 -0.007566637 -1.304679751 0.054834630 0.008158082 0.998462081 55.710578918
0.998460591 0.011316204 -0.054292507 -3.302225828 -0.011727086 0.999904811 -0.007255430 -1.325192571 0.054205194 0.007880952 0.998498678 56.308296204
0.998480916 0.012042250 -0.053760823 -3.338151217 -0.012467865 0.999893308 -0.007588578 -1.340019226 0.053663664 0.008247331 0.998524964 56.918197632
0.998459756 0.011986404 -0.054165926 -3.372506857 -0.012383346 0.999898612 -0.006998696 -1.355321169 0.054076508 0.007658668 0.998507380 57.525806427
0.998425186 0.012581055 -0.054667130 -3.411863327 -0.013030008 0.999883950 -0.007863924 -1.369265914 0.054561816 0.008563848 0.998473644 58.126441956
0.998400271 0.013682999 -0.054857191 -3.447718859 -0.014196445 0.999858618 -0.008981026 -1.378966093 0.054726519 0.009745431 0.998453796 58.736995697
0.998351812 0.014726605 -0.055465505 -3.489603043 -0.015230319 0.999846101 -0.008669912 -1.392997026 0.055329263 0.009500375 0.998422921 59.350292206
0.998323023 0.015606286 -0.055743091 -3.531049967 -0.016115705 0.999831915 -0.008700907 -1.404773355 0.055597913 0.009584650 0.998407185 59.956546783
0.998313487 0.015340210 -0.055987760 -3.572914839 -0.015812909 0.999842465 -0.008009695 -1.418511033 0.055856057 0.008881510 0.998399258 60.556320190
0.998271167 0.015673619 -0.056646265 -3.611396551 -0.016123155 0.999841571 -0.007487563 -1.433701515 0.056519918 0.008387929 0.998366177 61.155963898
0.998265207 0.015321353 -0.056847315 -3.652387857 -0.015744254 0.999851167 -0.006998838 -1.451013207 0.056731608 0.007881708 0.998358309 61.746234894
0.998230755 0.015939169 -0.057280194 -3.690299749 -0.016337488 0.999845088 -0.006492342 -1.465600491 0.057167817 0.007416663 0.998336971 62.342681885
0.998201609 0.016360816 -0.057667445 -3.730529785 -0.016748331 0.999839842 -0.006242983 -1.479443431 0.057556052 0.007197583 0.998316228 62.927116394
0.998163342 0.016708503 -0.058227271 -3.769691944 -0.017109118 0.999832869 -0.006388533 -1.491671324 0.058110777 0.007373010 0.998282790 63.517158508
0.998143792 0.016522000 -0.058613449 -3.810508490 -0.016921090 0.999836564 -0.006319135 -1.505453944 0.058499441 0.007299202 0.998260677 64.099403381
0.998084784 0.016800355 -0.059531994 -3.850168228 -0.017179789 0.999834895 -0.005867607 -1.520903468 0.059423566 0.006879110 0.998209059 64.684852600
0.998007417 0.017645106 -0.060575366 -3.893116713 -0.018020239 0.999821305 -0.005652222 -1.534215450 0.060464792 0.006732536 0.998147488 65.266853333
0.997916639 0.018185869 -0.061895821 -3.934346199 -0.018549759 0.999813497 -0.005309597 -1.545476437 0.061787706 0.006446681 0.998068333 65.847091675
0.997773528 0.019562218 -0.063755095 -3.977517366 -0.019886576 0.999792039 -0.004456960 -1.561144710 0.063654631 0.005714900 0.997955441 66.426956177
0.997626066 0.020201594 -0.065828994 -4.019269466 -0.020506969 0.999781549 -0.003966490 -1.572290421 0.065734468 0.005307020 0.997822881 67.003532410
0.997465611 0.020810358 -0.068033606 -4.065785408 -0.021101806 0.999770641 -0.003567987 -1.585314035 0.067943737 0.004994569 0.997676492 67.581176758
0.997277141 0.021750109 -0.070459194 -4.111620903 -0.022023762 0.999752283 -0.003109217 -1.597745895 0.070374109 0.004652520 0.997509658 68.157768250
0.997046411 0.023151115 -0.073223889 -4.159043312 -0.023467869 0.999718249 -0.003468279 -1.607036114 0.073122956 0.005176436 0.997309327 68.722259521
0.996803224 0.023458539 -0.076368943 -4.209351540 -0.023836000 0.999707401 -0.004034694 -1.618922591 0.076251939 0.005842119 0.997071266 69.288818359
0.996506393 0.023549136 -0.080122277 -4.259644508 -0.024010632 0.999699831 -0.004801160 -1.629703760 0.079985157 0.006708167 0.996773243 69.856475830
0.996259928 0.022662105 -0.083376855 -4.310095787 -0.023198413 0.999715567 -0.005468990 -1.641636491 0.083229199 0.007382740 0.996502817 70.419960022
0.995948195 0.022604877 -0.087036319 -4.363417149 -0.023273405 0.999706507 -0.006673727 -1.652634382 0.086859912 0.008672313 0.996182501 70.972984314
0.995637536 0.022470662 -0.090554044 -4.418199539 -0.023251047 0.999700606 -0.007571968 -1.663590431 0.090356775 0.009644408 0.995862484 71.521354675
0.995321751 0.022250695 -0.094013147 -4.473251820 -0.023109036 0.999700129 -0.008050960 -1.673839092 0.093805812 0.010185845 0.995538116 72.064117432
0.995018780 0.022035735 -0.097216062 -4.530454159 -0.022956470 0.999701083 -0.008362463 -1.687855482 0.097002730 0.010552541 0.995227814 72.595764160
0.994802415 0.021595290 -0.099502414 -4.584944725 -0.022506839 0.999713898 -0.008047457 -1.702975988 0.099300154 0.010245111 0.995004416 73.115760803
0.994693398 0.022742579 -0.100333095 -4.642482758 -0.023597423 0.999694169 -0.007341265 -1.717048764 0.100135446 0.009669906 0.994926453 73.620239258
0.994746208 0.024560828 -0.099376373 -4.695545673 -0.025320880 0.999658525 -0.006393932 -1.733011723 0.099185385 0.008876633 0.995029032 74.107780457
0.994969189 0.026664989 -0.096562356 -4.745236397 -0.027363125 0.999607682 -0.005912631 -1.746026635 0.096366793 0.008525129 0.995308995 74.578437805
0.995419025 0.028194802 -0.091351070 -4.790120125 -0.028813085 0.999569535 -0.005456183 -1.759955406 0.091157891 0.008063290 0.995803416 75.039367676
0.996128440 0.029685322 -0.082740054 -4.826810837 -0.030245895 0.999526739 -0.005529615 -1.773217320 0.082536727 0.008010750 0.996555448 75.494865417
0.997099519 0.032503165 -0.068812326 -4.855715752 -0.032953341 0.999441743 -0.005416670 -1.784087420 0.068597823 0.007668551 0.997614563 75.940048218
0.998167872 0.035666939 -0.048865303 -4.873266220 -0.035954505 0.999340355 -0.005018241 -1.793870091 0.048654042 0.006765969 0.998792410 76.373870850
0.999021471 0.037473079 -0.023473397 -4.872375488 -0.037603118 0.999279201 -0.005122878 -1.806054711 0.023264449 0.006000531 0.999710977 76.787796021
0.999268413 0.037487514 0.007510860 -4.852496147 -0.037445538 0.999282241 -0.005653584 -1.816566110 -0.007717481 0.005368194 0.999955416 77.205757141
0.998389363 0.035752267 0.044041596 -4.811757565 -0.035476208 0.999345362 -0.007034108 -1.827507615 -0.044264339 0.005460344 0.999004602 77.618240356
0.995764673 0.033725023 0.085524753 -4.746930599 -0.033155307 0.999417186 -0.008073543 -1.841177225 -0.085747302 0.005203745 0.996302962 78.014785767
0.990768790 0.031623036 0.131819248 -4.664700508 -0.030634437 0.999484956 -0.009521402 -1.852420568 -0.132052585 0.005395295 0.991227627 78.404464722
0.982867658 0.027963065 0.182176739 -4.574995995 -0.026535466 0.999594748 -0.010269598 -1.883299708 -0.182390228 0.005259506 0.983211756 78.769409180
0.971805692 0.024128864 0.234543756 -4.445217609 -0.021937842 0.999687552 -0.011946647 -1.893365145 -0.234758899 0.006464431 0.972031713 79.137077332
0.956853747 0.020477157 0.289846361 -4.297226906 -0.017456122 0.999762654 -0.013004644 -1.901714206 -0.290044039 0.007383944 0.956984401 79.498428345
0.937732220 0.015912132 0.346993417 -4.125277042 -0.012396006 0.999846518 -0.012350559 -1.909865260 -0.347136855 0.007280181 0.937785804 79.841705322
0.914762974 0.012620111 0.403792888 -3.933897495 -0.008765144 0.999896288 -0.011393911 -1.921698809 -0.403894991 0.006883422 0.914779007 80.156997681
0.887626052 0.007249482 0.460507065 -3.723325491 -0.003076786 0.999946773 -0.009811073 -1.932610989 -0.460553885 0.007291680 0.887601316 80.450126648
0.857237637 0.004110943 0.514903843 -3.492593765 0.000535733 0.999960065 -0.008875514 -1.941108346 -0.514919996 0.007884275 0.857201457 80.740180969
0.822804093 0.004738407 0.568304598 -3.246778011 0.001435365 0.999944329 -0.010415496 -1.949523926 -0.568322599 0.009385638 0.822751701 81.013198853
0.783864915 0.007868844 0.620880842 -2.983098269 -0.000890508 0.999932468 -0.011548563 -1.955400586 -0.620930135 0.008499614 0.783819258 81.283096313
0.740936279 0.011175452 0.671481669 -2.700311422 -0.005134765 0.999926150 -0.010975876 -1.960206866 -0.671555161 0.004684524 0.740939140 81.541328430
0.693781793 0.012067226 0.720083475 -2.398958921 -0.007389556 0.999925852 -0.009637212 -1.970758200 -0.720146894 0.001365024 0.693819702 81.780754089
0.642719865 0.010282681 0.766031623 -2.073668957 -0.005105543 0.999944806 -0.009138900 -1.979147434 -0.766083837 0.001962745 0.642737031 81.996078491
0.588602185 0.009170781 0.808370233 -1.729779840 -0.003787172 0.999955595 -0.008586712 -1.987752676 -0.808413565 0.001992720 0.588610888 82.187034607
0.530373275 0.011406560 0.847686946 -1.375447273 -0.007379299 0.999933362 -0.008838197 -1.990859151 -0.847731709 -0.001567793 0.530422211 82.364242554
0.470903188 0.012178793 0.882100284 -1.014819145 -0.007923426 0.999922454 -0.009575655 -1.999017835 -0.882148921 -0.002480053 0.470963180 82.515869141
0.414296120 0.011645634 0.910067081 -0.636949778 -0.006013831 0.999931037 -0.010057863 -2.007121563 -0.910121918 -0.001306058 0.414337575 82.641075134
0.361637533 0.010829304 0.932255328 -0.249486834 -0.000898973 0.999935806 -0.011266777 -2.016158581 -0.932317972 0.003236417 0.361624032 82.742713928
0.312781274 0.010839991 0.949762762 0.143987060 0.003318209 0.999916017 -0.012505185 -2.023993254 -0.949818969 0.007062900 0.312719047 82.829223633
0.268630296 0.011315861 0.963176370 0.546156764 0.005479213 0.999896526 -0.013275427 -2.033277273 -0.963227391 0.008843633 0.268540502 82.907623291
0.228851780 0.011640963 0.973391175 0.952985466 0.006144206 0.999890983 -0.013402434 -2.041290998 -0.973441541 0.009047888 0.228755295 82.976310730
0.192746103 0.012105748 0.981173515 1.372907758 0.007379804 0.999877393 -0.013786243 -2.048907518 -0.981220543 0.009898114 0.192633092 83.035621643
0.160997361 0.012700632 0.986872673 1.795717955 0.009879683 0.999846041 -0.014479359 -2.059106588 -0.986905038 0.012081129 0.160847038 83.080589294
0.133256942 0.013409521 0.990990400 2.228965282 0.012187480 0.999810398 -0.015167704 -2.071435213 -0.991006255 0.014098880 0.133068174 83.117935181
0.108617082 0.014278013 0.993980765 2.670392990 0.013123249 0.999788880 -0.015795488 -2.083318472 -0.993996739 0.014759918 0.108406678 83.151458740
0.086852275 0.014833334 0.996110439 3.119095087 0.014371260 0.999766231 -0.016140828 -2.092512846 -0.996117234 0.015717231 0.086618692 83.178428650
0.068281561 0.015780462 0.997540951 3.582352638 0.016647063 0.999717414 -0.016954387 -2.102935314 -0.997526884 0.017763799 0.067999467 83.193603516
0.052412592 0.017561881 0.998470724 4.054274559 0.019336099 0.999639750 -0.018597454 -2.113672733 -0.998437941 0.020281272 0.052054025 83.203834534
0.039091062 0.019039307 0.999053895 4.536420822 0.020972535 0.999582291 -0.019869994 -2.127043962 -0.999015152 0.021729438 0.038675319 83.214263916
0.029083434 0.019482912 0.999386787 5.031216621 0.021853723 0.999558330 -0.020122234 -2.140892506 -0.999337673 0.022425549 0.028644703 83.225456238
0.022688271 0.019400779 0.999553978 5.545523167 0.022679629 0.999544084 -0.019915381 -2.155116558 -0.999484956 0.023121364 0.022237813 83.231895447
0.018642206 0.019757140 0.999630630 6.072143555 0.023793422 0.999512494 -0.020198533 -2.167155027 -0.999542713 0.024161184 0.018162914 83.238815308
0.016091509 0.019909913 0.999671876 6.607410908 0.023691071 0.999513149 -0.020288100 -2.182443142 -0.999589443 0.024009774 0.015611873 83.244499207
0.015288725 0.018915905 0.999703765 7.157088280 0.022889970 0.999552131 -0.019263096 -2.199128389 -0.999620676 0.023177708 0.014848778 83.257125854
0.016670171 0.018004037 0.999698520 7.724647045 0.022280928 0.999582648 -0.018373489 -2.216130733 -0.999612331 0.022580510 0.016261952 83.268424988
0.019081423 0.017340844 0.999667108 8.309061050 0.021869782 0.999602854 -0.017757175 -2.231784821 -0.999578297 0.022201346 0.018694488 83.285217285
0.021748392 0.016660389 0.999624252 8.906288147 0.021938119 0.999612153 -0.017137486 -2.246562004 -0.999522328 0.022302600 0.021374345 83.304603577
0.025208490 0.016543049 0.999544919 9.516944885 0.020837074 0.999636889 -0.017070081 -2.260789394 -0.999464571 0.021257915 0.024854511 83.327674866
0.028972898 0.016484806 0.999443829 10.146436691 0.020713018 0.999639153 -0.017088477 -2.276745081 -0.999365091 0.021196613 0.028620876 83.352676392
0.032950394 0.014954602 0.999344647 10.784054756 0.020595396 0.999665260 -0.015638471 -2.293247938 -0.999244332 0.021097204 0.032631256 83.379821777
0.037421461 0.013774402 0.999204159 11.430304527 0.020765558 0.999678075 -0.014558628 -2.307095766 -0.999083340 0.021293851 0.037123270 83.410415649
0.042191241 0.012739863 0.999027848 12.092643738 0.021301016 0.999679625 -0.013647765 -2.321952343 -0.998881996 0.021856138 0.041906245 83.443649292
0.046608448 0.011175612 0.998850226 12.763495445 0.022465058 0.999672472 -0.012233077 -2.336475849 -0.998660147 0.023009408 0.046342012 83.476402283
0.051336125 0.010438164 0.998626411 13.444841385 0.023271544 0.999661028 -0.011645291 -2.349153519 -0.998409808 0.023837417 0.051075704 83.514175415
0.056120761 0.009234213 0.998380780 14.127810478 0.023334956 0.999671638 -0.010557850 -2.361783981 -0.998150766 0.023889706 0.055886749 83.554656982
0.060660474 0.008056487 0.998125434 14.810703278 0.022818107 0.999694645 -0.009455906 -2.377008915 -0.997897089 0.023348954 0.060458012 83.602073669
0.065416016 0.007945635 0.997825921 15.495940208 0.023142323 0.999687016 -0.009477627 -2.392101765 -0.997589171 0.023712020 0.065211549 83.650039673
0.068621099 0.007780745 0.997611880 16.185438156 0.023389734 0.999681890 -0.009405756 -2.406206608 -0.997368038 0.023979330 0.068417177 83.701713562
0.069517434 0.008063573 0.997547567 16.882608414 0.022247948 0.999705851 -0.009631438 -2.421577215 -0.997332036 0.022862960 0.069317482 83.750068665
0.069287047 0.008885653 0.997556567 17.588224411 0.021813242 0.999707520 -0.010419886 -2.438040018 -0.997357666 0.022481928 0.069072857 83.798614502
0.068798684 0.009353008 0.997586131 18.290983200 0.022293461 0.999691665 -0.010910217 -2.456167936 -0.997380853 0.022990277 0.068568863 83.848327637
0.067992054 0.010063270 0.997634530 18.999591827 0.023711540 0.999650121 -0.011699616 -2.471990108 -0.997403443 0.024450952 0.067729555 83.903579712
0.067515090 0.010465575 0.997662783 19.722160339 0.024669323 0.999621511 -0.012155572 -2.486350298 -0.997412562 0.025432372 0.067231268 83.953086853
0.066917665 0.009738444 0.997710407 20.453006744 0.024900150 0.999624372 -0.011427206 -2.500185013 -0.997447133 0.025607841 0.066649951 84.002861023
0.066375330 0.008966882 0.997753859 21.185060501 0.025075560 0.999628544 -0.010651872 -2.518452406 -0.997478962 0.025726279 0.066125736 84.054695129
0.065941997 0.008475304 0.997786880 21.920951843 0.025815256 0.999614477 -0.010196909 -2.535745144 -0.997488856 0.026430549 0.065697685 84.102272034
0.065649360 0.008768560 0.997803628 22.653381348 0.026063997 0.999604940 -0.010499237 -2.553174973 -0.997501731 0.026696041 0.065394774 84.152282715
0.065748192 0.009908002 0.997786462 23.376449585 0.026545400 0.999579191 -0.011674984 -2.571547270 -0.997482538 0.027254269 0.065457411 84.200111389
0.066094846 0.011633622 0.997744918 24.098220825 0.026962848 0.999545872 -0.013440751 -2.591922760 -0.997448444 0.027790427 0.065751046 84.248741150
0.066579089 0.012059073 0.997707665 24.827932358 0.028731683 0.999488950 -0.013997925 -2.611366272 -0.997366846 0.029597806 0.066198483 84.295394897
0.067166507 0.012194867 0.997666657 25.558504105 0.030448511 0.999434292 -0.014266375 -2.630820513 -0.997276485 0.031335704 0.066757098 84.345314026
0.067352675 0.010683087 0.997671485 26.292692184 0.031090403 0.999434352 -0.012800873 -2.652583361 -0.997244120 0.031880196 0.066982344 84.398010254
0.067819476 0.008167556 0.997663617 27.030916214 0.030992432 0.999466419 -0.010289128 -2.674586535 -0.997215509 0.031617839 0.067530066 84.450248718
0.068327181 0.006930612 0.997638345 27.759830475 0.030744724 0.999486029 -0.009049123 -2.693750858 -0.997188509 0.031290431 0.068078905 84.504669189
0.068744838 0.006526547 0.997612357 28.494794846 0.030975785 0.999482214 -0.008673304 -2.713456392 -0.997152686 0.031498086 0.068506993 84.556999207
0.069003642 0.007441099 0.997588098 29.232358932 0.030308912 0.999494612 -0.009551803 -2.731796026 -0.997155309 0.030894933 0.068743147 84.611183167
0.067524850 0.008580055 0.997680128 29.959871292 0.028535021 0.999536991 -0.010527329 -2.747714758 -0.997308850 0.029179696 0.067248657 84.667076111
0.065105021 0.009148516 0.997835934 30.690843582 0.026420781 0.999591231 -0.010888467 -2.765415192 -0.997527957 0.027072513 0.064836599 84.720771790
0.062881716 0.009023626 0.997979641 31.427654266 0.025129171 0.999627411 -0.010621891 -2.783883572 -0.997703910 0.025746336 0.062631428 84.770980835
0.060756169 0.008884263 0.998112559 32.163833618 0.024593553 0.999643087 -0.010394924 -2.803389311 -0.997848988 0.025178701 0.060515884 84.820266724
0.058790430 0.008759813 0.998231351 32.894191742 0.024391562 0.999649942 -0.010208796 -2.824207306 -0.997971654 0.024948614 0.058556084 84.867271423
0.056837674 0.008979415 0.998342514 33.624774933 0.024027286 0.999657154 -0.010359165 -2.843038321 -0.998093605 0.024576262 0.056602340 84.913475037
0.055425726 0.009113418 0.998420656 34.354084015 0.022839144 0.999684691 -0.010392838 -2.860163450 -0.998200893 0.023379114 0.055200007 84.958061218
0.054263007 0.008563828 0.998489380 35.080127716 0.022458781 0.999699354 -0.009794734 -2.879708767 -0.998273373 0.022956356 0.054054260 85.003280640
0.053279024 0.007872618 0.998548031 35.811084747 0.023626102 0.999678552 -0.009142141 -2.898979187 -0.998299420 0.024078893 0.053075802 85.045028687
0.053328443 0.007555666 0.998547852 36.546737671 0.024113849 0.999669492 -0.008851982 -2.916250706 -0.998285115 0.024550907 0.053128526 85.086196899
0.053386316 0.007121631 0.998547971 37.278156281 0.024846300 0.999654949 -0.008457912 -2.933464289 -0.998264015 0.025261773 0.053190853 85.128982544
0.053689841 0.007751909 0.998526990 38.012798309 0.024847796 0.999649286 -0.009096668 -2.948654175 -0.998247683 0.025299609 0.053478304 85.170043945
0.054078195 0.007990708 0.998504162 38.748943329 0.025164580 0.999638915 -0.009362687 -2.967343807 -0.998218775 0.025633270 0.053857494 85.211120605
0.054300938 0.008256210 0.998489916 39.481296539 0.024881372 0.999643624 -0.009618879 -2.983085632 -0.998213768 0.025366127 0.054076064 85.257179260
0.054675892 0.007924634 0.998472154 40.210170746 0.024666937 0.999652088 -0.009284754 -3.002313137 -0.998198628 0.025136918 0.054461300 85.299980164
0.055119164 0.007737281 0.998449266 40.946235657 0.024511389 0.999657631 -0.009099796 -3.020282984 -0.998178065 0.024974968 0.054910548 85.344589233
0.055168565 0.007427197 0.998448908 41.678230286 0.024352040 0.999664366 -0.008781798 -3.037781239 -0.998179257 0.024798762 0.054969084 85.388114929
0.055184431 0.008004684 0.998443604 42.410610199 0.023275221 0.999685347 -0.009301077 -3.054076672 -0.998204052 0.023752283 0.054980658 85.433410645
0.054671858 0.007735779 0.998473942 43.141132355 0.022402391 0.999708354 -0.008972000 -3.071812153 -0.998252213 0.022858735 0.054482512 85.477432251
0.053895086 0.008166431 0.998512745 43.870594025 0.021677451 0.999720871 -0.009346366 -3.086489439 -0.998310506 0.022148948 0.053702913 85.521041870
0.053385943 0.008235419 0.998539567 44.600200653 0.021732492 0.999719143 -0.009407061 -3.103707552 -0.998336673 0.022202969 0.053191870 85.563591003
0.052716874 0.007935859 0.998577595 45.332756042 0.022098858 0.999713838 -0.009111539 -3.119876862 -0.998364210 0.022547765 0.052526318 85.605712891
0.051971138 0.008319113 0.998613536 46.061473846 0.022336798 0.999704957 -0.009490696 -3.139533043 -0.998398066 0.022799082 0.051769886 85.646926880
0.051345602 0.008603824 0.998643517 46.798301697 0.022807028 0.999691486 -0.009785496 -3.157127142 -0.998419762 0.023278546 0.051133439 85.685478210
0.050782934 0.009176443 0.998667181 47.529521942 0.022237113 0.999698997 -0.010316708 -3.177905321 -0.998461425 0.022731399 0.050563496 85.724723816
0.050508384 0.009375603 0.998679221 48.262252808 0.021884438 0.999705017 -0.010492052 -3.197228670 -0.998483121 0.022385482 0.050288208 85.764579773
0.050554376 0.009065108 0.998679757 49.008666992 0.021663992 0.999713182 -0.010171155 -3.214032412 -0.998485625 0.022149600 0.050343391 85.795387268
0.050173171 0.008738440 0.998701930 49.742458344 0.021248955 0.999725640 -0.009814921 -3.232527494 -0.998513758 0.021713831 0.049973626 85.836059570
0.050211068 0.008810135 0.998699427 50.478523254 0.020421982 0.999742568 -0.009846092 -3.249253035 -0.998529077 0.020889815 0.050018124 85.873420715
0.049774926 0.008839391 0.998720944 51.220748901 0.019327374 0.999764681 -0.009811889 -3.264039040 -0.998572648 0.019791052 0.049592271 85.913116455
0.049528029 0.009272518 0.998729289 51.963771820 0.018200167 0.999782085 -0.010184867 -3.279988050 -0.998606086 0.018681489 0.049348377 85.954566956
0.049387105 0.009319148 0.998735845 52.702003479 0.017894974 0.999787331 -0.010213870 -3.298176289 -0.998618543 0.018376797 0.049209736 85.992080688
0.048826691 0.009439834 0.998762250 53.439537048 0.017945401 0.999785304 -0.010326814 -3.316094637 -0.998645186 0.018427428 0.048646703 86.033638000
0.048773952 0.009387754 0.998765349 54.173538208 0.017877782 0.999787152 -0.010270416 -3.334343672 -0.998649001 0.018356651 0.048595633 86.071899414
0.048639689 0.008859106 0.998776734 54.916172028 0.017257281 0.999803662 -0.009708642 -3.351905107 -0.998666525 0.017708410 0.048477147 86.107414246
0.048531499 0.008426099 0.998785734 55.650360107 0.017166656 0.999809384 -0.009268881 -3.370172024 -0.998673320 0.017595660 0.048377488 86.144927979
0.048542552 0.008209498 0.998786986 56.378150940 0.018396718 0.999788940 -0.009111851 -3.388329744 -0.998650849 0.018816732 0.048381165 86.182769775
0.048384525 0.007636587 0.998799145 57.104003906 0.019329868 0.999776006 -0.008580456 -3.408088684 -0.998640895 0.019721836 0.048225962 86.219596863
0.048361685 0.008363356 0.998794436 57.822338104 0.018781219 0.999780178 -0.009281008 -3.425267935 -0.998652458 0.019207442 0.048193868 86.258865356
0.048377402 0.008686399 0.998790920 58.539112091 0.018480869 0.999782860 -0.009590174 -3.441228628 -0.998657286 0.018922491 0.048206255 86.298812866
0.048533056 0.008901423 0.998781443 59.258514404 0.018217573 0.999785662 -0.009795616 -3.457335234 -0.998654544 0.018670807 0.048360385 86.335479736
0.048706211 0.009336253 0.998769045 59.974861145 0.018279966 0.999780059 -0.010237159 -3.474961519 -0.998645008 0.018756099 0.048524726 86.372268677
0.048516747 0.009768266 0.998774111 60.679946899 0.018144000 0.999778092 -0.010659465 -3.490161419 -0.998656690 0.018638942 0.048328638 86.413948059
0.048559301 0.010052118 0.998769283 61.387306213 0.017136423 0.999793351 -0.010895594 -3.506852150 -0.998672366 0.017644437 0.048376903 86.451789856
0.048544418 0.010228470 0.998768210 62.091613770 0.016015744 0.999810576 -0.011017591 -3.522951365 -0.998691678 0.016530883 0.048371304 86.491302490
0.048692837 0.010038723 0.998762906 62.793518066 0.015197570 0.999825776 -0.010790347 -3.540511847 -0.998697221 0.015704207 0.048531689 86.527534485
0.049029686 0.009913669 0.998747706 63.493495941 0.014833324 0.999832749 -0.010652635 -3.559323788 -0.998686194 0.015337067 0.048874334 86.566154480
0.049569797 0.009217579 0.998727679 64.190597534 0.014503399 0.999844849 -0.009947746 -3.575865746 -0.998664379 0.014978077 0.049428321 86.603660583
0.050120849 0.008777633 0.998704135 64.887832642 0.013984627 0.999856710 -0.009489603 -3.598527670 -0.998644292 0.014442156 0.049990818 86.640502930
0.051285401 0.008756756 0.998645186 65.581123352 0.014369899 0.999851108 -0.009505305 -3.613173485 -0.998579681 0.014837939 0.051151834 86.677108765
0.052362580 0.008333136 0.998592913 66.266456604 0.014554476 0.999852121 -0.009106837 -3.628932714 -0.998521090 0.015010879 0.052233458 86.719398499
0.053867325 0.008221889 0.998513818 66.958892822 0.014380217 0.999855518 -0.009008722 -3.643223047 -0.998443544 0.014844145 0.053741217 86.759277344
0.055792965 0.007763898 0.998411715 67.641403198 0.013581031 0.999870896 -0.008534185 -3.659044743 -0.998348951 0.014035633 0.055680227 86.802238464
0.057579607 0.007196766 0.998314500 68.319313049 0.014388105 0.999863744 -0.008037803 -3.673781872 -0.998236179 0.014826693 0.057468116 86.846282959
0.059846640 0.006825185 0.998183787 68.996986389 0.014761455 0.999860823 -0.007721691 -3.689796925 -0.998097420 0.015196789 0.059737463 86.889877319
0.062131349 0.006900089 0.998043656 69.667747498 0.014293781 0.999866962 -0.007802536 -3.703443050 -0.997964621 0.014750625 0.062024359 86.935768127
0.064195067 0.007227899 0.997910678 70.336036682 0.013658298 0.999873281 -0.008120754 -3.717324972 -0.997842908 0.014151099 0.064088121 86.986999512
0.066720784 0.006983650 0.997746766 71.002967834 0.013484587 0.999877393 -0.007900307 -3.734902859 -0.997679532 0.013981341 0.066618346 87.035118103
0.069348268 0.006665075 0.997569740 71.661949158 0.013483291 0.999879599 -0.007617838 -3.749276876 -0.997500360 0.013978831 0.069249973 87.084014893
0.071368448 0.005624529 0.997433662 72.309425354 0.013022945 0.999893129 -0.006570226 -3.764316559 -0.997363985 0.013458455 0.071287498 87.135810852
0.073635444 0.005317510 0.997270525 72.939811707 0.012119895 0.999906659 -0.006226472 -3.780338764 -0.997210562 0.012545327 0.073564045 87.186546326
0.075839899 0.005484166 0.997104406 73.554122925 0.011576111 0.999912202 -0.006380097 -3.796949148 -0.997051835 0.012026481 0.075769663 87.241691589
0.078915089 0.006508480 0.996859550 74.153488159 0.010851420 0.999913394 -0.007387465 -3.807798147 -0.996821284 0.011400348 0.078837536 87.293418884
0.082879923 0.007254756 0.996532559 74.747360229 0.010141379 0.999915123 -0.008122830 -3.820998907 -0.996506929 0.010779457 0.082799226 87.347061157
0.087167904 0.007920698 0.996161580 75.322242737 0.007987266 0.999930203 -0.008649587 -3.835654020 -0.996160626 0.008710597 0.087098472 87.404296875
0.090394579 0.008481828 0.995869339 75.888893127 0.006544779 0.999936581 -0.009110542 -3.850830793 -0.995883584 0.007341311 0.090333253 87.466529846
0.094476871 0.009295612 0.995483100 76.439598083 0.005956246 0.999932766 -0.009902450 -3.859392643 -0.995508313 0.006864917 0.094415061 87.517196655
0.098201707 0.009976882 0.995115995 76.974304199 0.005614328 0.999927819 -0.010579174 -3.868638992 -0.995149791 0.006625822 0.098138511 87.573455811
0.102076717 0.010945891 0.994715810 77.499092102 0.005400140 0.999918163 -0.011557303 -3.871449947 -0.994760931 0.006551358 0.102009170 87.621208191
0.104694776 0.011062635 0.994442344 78.000511169 0.003264993 0.999928474 -0.011467410 -3.885013103 -0.994498134 0.004447447 0.104651079 87.670799255
0.105250642 0.012684884 0.994364262 78.485191345 -0.000042460 0.999918282 -0.012751248 -3.887146950 -0.994444847 0.001299878 0.105242483 87.721878052
0.104115307 0.013088550 0.994478524 78.953987122 -0.003414991 0.999911845 -0.012802538 -3.903604269 -0.994558573 -0.002063174 0.104150720 87.755493164
0.097319074 0.012696229 0.995171666 79.402862549 -0.006285733 0.999906182 -0.012141948 -3.922480583 -0.995232642 -0.005073720 0.097389631 87.802917480
0.083720341 0.012965553 0.996404409 79.839965820 -0.009591034 0.999879181 -0.012204912 -3.932869911 -0.996442378 -0.008534728 0.083834462 87.847755432
0.063000217 0.011244812 0.997949600 80.257324219 -0.011734284 0.999875367 -0.010525737 -3.960238934 -0.997943819 -0.011047080 0.063124195 87.868927002
0.035465553 0.011646531 0.999302506 80.657379150 -0.012026356 0.999864280 -0.011226267 -3.965276480 -0.999297798 -0.011619800 0.035600677 87.869880676
-0.000734493 0.013024731 0.999914408 81.047691345 -0.011958560 0.999843180 -0.013032596 -3.971851826 -0.999927461 -0.011967086 -0.000578754 87.857803345
-0.043345932 0.018286467 0.998892248 81.422233582 -0.009729532 0.999776959 -0.018724876 -3.941134453 -0.999011993 -0.010530380 -0.043158486 87.809516907
-0.093522966 0.015767451 0.995491743 81.792480469 -0.008542906 0.999824703 -0.016638666 -3.970955372 -0.995579720 -0.010060468 -0.093372017 87.744033813
-0.152084142 0.017428253 0.988213360 82.154296875 -0.005130703 0.999816775 -0.018422507 -3.971678257 -0.988353491 -0.007871978 -0.151967004 87.670806885
-0.215105131 0.017878680 0.976426721 82.502738953 -0.001675750 0.999823868 -0.018676262 -3.996754169 -0.976588726 -0.005653584 -0.215037420 87.565170288
-0.280769944 0.020141087 0.959563196 82.828399658 0.004471115 0.999796033 -0.019677320 -4.003808975 -0.959764004 -0.001234459 -0.280802876 87.421546936
-0.347166598 0.021676429 0.937552392 83.131080627 0.012238279 0.999752045 -0.018582791 -4.001729965 -0.937722921 0.005022728 -0.347345948 87.246696472
-0.413018763 0.021043174 0.910478771 83.418998718 0.018948819 0.999714732 -0.014509904 -4.001049042 -0.910524547 0.011259661 -0.413299859 87.056221008
-0.477304369 0.020957666 0.878487468 83.689262390 0.023528250 0.999661505 -0.011064976 -4.003356934 -0.878422141 0.015387936 -0.477636099 86.858131409
-0.539045751 0.021486262 0.842001677 83.936431885 0.025172502 0.999638557 -0.009393536 -4.001862526 -0.841899335 0.016131768 -0.539391994 86.639892578
-0.601450205 0.018446043 0.798696578 84.188301086 0.022803368 0.999722004 -0.005916932 -4.002109528 -0.798583865 0.014654256 -0.601703882 86.418731689
-0.658826232 0.015501041 0.752134681 84.393470764 0.021559127 0.999765635 -0.001720033 -3.998653412 -0.751985192 0.015082191 -0.659006238 86.171112061
-0.712079883 0.015827058 0.701919258 84.576980591 0.022432225 0.999747872 0.000214360 -3.984066963 -0.701738954 0.015898278 -0.712255597 85.911720276
-0.762402117 0.014381867 0.646942914 84.750694275 0.022035858 0.999749660 0.003743622 -3.993919134 -0.646727204 0.017110111 -0.762528419 85.633987427
-0.806293905 0.018849432 0.591213822 84.901145935 0.026651366 0.999634266 0.004476026 -3.992361069 -0.590913177 0.019365670 -0.806501687 85.337280273
-0.843493402 0.024070760 0.536598980 85.043418884 0.030501295 0.999529421 0.003108834 -3.982607126 -0.536271572 0.018989265 -0.843830884 85.026924133
-0.875634730 0.028538577 0.482128978 85.163932800 0.033386029 0.999440908 0.001475398 -3.973998308 -0.481817275 0.017388301 -0.876098216 84.713684082
-0.902264774 0.027719593 0.430289358 85.275238037 0.031431645 0.999504209 0.001519445 -3.956534624 -0.430033863 0.014895663 -0.902688980 84.394622803
-0.923122227 0.025407821 0.383664966 85.379547119 0.029226737 0.999563754 0.004126256 -3.950161219 -0.383392662 0.015022332 -0.923462391 84.055168152
-0.939811885 0.023287658 0.340896338 85.477325439 0.027701635 0.999583006 0.008085635 -3.952333689 -0.340565801 0.017042380 -0.940065324 83.705329895
-0.953584969 0.022640722 0.300270110 85.559555054 0.027262811 0.999564886 0.011211636 -3.948814869 -0.299885541 0.018877475 -0.953787506 83.348106384
-0.964780390 0.022872197 0.262058675 85.633491516 0.027071752 0.999555707 0.012425622 -3.943399668 -0.261657953 0.019082403 -0.964971125 82.979362488
-0.973716676 0.021755360 0.226719290 85.700881958 0.025507083 0.999581158 0.013630992 -3.940063715 -0.226327688 0.019055692 -0.973863959 82.599861145
-0.980807900 0.020671863 0.193875551 85.760696411 0.023992337 0.999602079 0.014794121 -3.939594269 -0.193492472 0.019161738 -0.980913818 82.209144592
-0.986212194 0.019546183 0.164325044 85.812225342 0.022438927 0.999623299 0.015765719 -3.937547207 -0.163954869 0.019235643 -0.986279488 81.805541992
-0.990187645 0.020150756 0.138281316 85.854408264 0.022583369 0.999615610 0.016045133 -3.933324099 -0.137904719 0.019010570 -0.990262210 81.394508362
-0.993010998 0.021974184 0.115955606 85.887382507 0.023985382 0.999584079 0.015977511 -3.927955866 -0.115556173 0.018647101 -0.993125081 80.971122742
-0.995019495 0.022711085 0.097056165 85.918899536 0.024386253 0.999572277 0.016108248 -3.922664881 -0.096648701 0.018394874 -0.995147765 80.534332275
-0.996415794 0.022467149 0.081548825 85.946807861 0.023872722 0.999581516 0.016301725 -3.918377399 -0.081148334 0.018190105 -0.996535242 80.085304260
-0.997345746 0.022030713 0.069393925 85.975418091 0.023213325 0.999597311 0.016281588 -3.908206224 -0.069007173 0.017849252 -0.997455716 79.611419678
-0.997937441 0.022451028 0.060134459 86.000907898 0.023443237 0.999598980 0.015845031 -3.901202440 -0.059754487 0.017222110 -0.998063803 79.130203247
-0.998315632 0.022840394 0.053324752 86.024635315 0.023702951 0.999596655 0.015599058 -3.894851446 -0.052946832 0.016836749 -0.998454690 78.636718750
-0.998525620 0.023665357 0.048844811 86.050262451 0.024444919 0.999581456 0.015424312 -3.886264563 -0.048459221 0.016595591 -0.998686552 78.119689941
-0.998606265 0.024419505 0.046782147 86.075042725 0.025151398 0.999568522 0.015119926 -3.881668568 -0.046392620 0.016275503 -0.998789907 77.600189209
-0.998590410 0.025920166 0.046310525 86.100822449 0.026634313 0.999533832 0.014870399 -3.878845692 -0.045903374 0.016082900 -0.998815656 77.069641113
-0.998552442 0.026021264 0.047065970 86.131195068 0.026770398 0.999522865 0.015356488 -3.876199722 -0.046643794 0.016594248 -0.998772979 76.523193359
-0.998471379 0.026682494 0.048396431 86.160240173 0.027495518 0.999489665 0.016211538 -3.873446226 -0.047939047 0.017517455 -0.998695910 75.967254639
-0.998376071 0.028285049 0.049441107 86.188835144 0.029186478 0.999418139 0.017605990 -3.869518042 -0.048914231 0.019020423 -0.998621106 75.405860901
-0.998263776 0.029956413 0.050708145 86.220321655 0.030966412 0.999334216 0.019250248 -3.865174770 -0.050097596 0.020787084 -0.998527229 74.838775635
-0.998159945 0.030964896 0.052125920 86.252723694 0.032072462 0.999273539 0.020546647 -3.862824917 -0.051451705 0.022180656 -0.998428404 74.274177551
-0.998041034 0.032222025 0.053619761 86.285301208 0.033416454 0.999208808 0.021529838 -3.859447956 -0.052883487 0.023279455 -0.998328567 73.709114075
-0.997911870 0.033782035 0.055043954 86.317878723 0.035050143 0.999137342 0.022237273 -3.857353687 -0.054245133 0.024120146 -0.998235583 73.148277283
-0.997772276 0.034996223 0.056787655 86.352302551 0.036314879 0.999089539 0.022356700 -3.852643251 -0.055953439 0.024369145 -0.998135209 72.586593628
-0.997624636 0.035960760 0.058745787 86.385597229 0.037331041 0.999051213 0.022396425 -3.848960638 -0.057884544 0.024536280 -0.998021007 72.033218384
-0.997443080 0.037619498 0.060755752 86.419548035 0.039007526 0.998999894 0.021823229 -3.846988916 -0.059873898 0.024137374 -0.997913361 71.473091125
-0.997283161 0.038695589 0.062674686 86.456939697 0.040075414 0.998977125 0.020909645 -3.843623161 -0.061801359 0.023364563 -0.997814238 70.918533325
-0.997146666 0.038935822 0.064666770 86.495903015 0.040298555 0.998988748 0.019903567 -3.840323925 -0.063826308 0.022452764 -0.997707665 70.372764587
-0.997010469 0.039324582 0.066506162 86.536598206 0.040687721 0.998985410 0.019266998 -3.835770607 -0.065680921 0.021915393 -0.997599244 69.823730469
-0.996861815 0.039981969 0.068317801 86.578308105 0.041390635 0.998955369 0.019328982 -3.832916737 -0.067473531 0.022096049 -0.997475624 69.276428223
-0.996741116 0.039842285 0.070137113 86.621505737 0.041326027 0.998948216 0.019831724 -3.830476046 -0.069273099 0.022665590 -0.997339487 68.724395752
-0.996630967 0.039796244 0.071709901 86.664428711 0.041387066 0.998925209 0.020835772 -3.828046322 -0.070803538 0.023733446 -0.997207165 68.179374695
-0.996526957 0.040132519 0.072957076 86.707489014 0.041809432 0.998891294 0.021604123 -3.825961828 -0.072009049 0.024579395 -0.997100353 67.630569458
-0.996508718 0.039403934 0.073600493 86.751022339 0.041133154 0.998907924 0.022127867 -3.823457003 -0.072648086 0.025078041 -0.997041583 67.082809448
-0.996578813 0.038186453 0.073293522 86.793792725 0.039901651 0.998958886 0.022081321 -3.822011232 -0.072373912 0.024930317 -0.997065187 66.543128967
-0.996676445 0.037963752 0.072071604 86.834556580 0.039659739 0.998964787 0.022247961 -3.819697142 -0.071152285 0.025032366 -0.997150540 66.001510620
-0.996813416 0.037904348 0.070184469 86.873344421 0.039556921 0.998967528 0.022307312 -3.816707850 -0.069266364 0.025012514 -0.997283816 65.469787598
-0.996984780 0.037333317 0.068022631 86.911590576 0.038926847 0.998993516 0.022253025 -3.813975811 -0.067123294 0.024833839 -0.997434855 64.941429138
-0.997175455 0.036072414 0.065874159 86.949287415 0.037608664 0.999044478 0.022231283 -3.809557199 -0.065009184 0.024645932 -0.997579515 64.420059204
-0.997401178 0.034868721 0.063043937 86.985275269 0.036361512 0.999080360 0.022687891 -3.805741072 -0.062194761 0.024921307 -0.997752070 63.906703949
-0.997805119 0.032073602 0.057928808 87.017875671 0.033460781 0.999171436 0.023136748 -3.804007530 -0.057138629 0.025024312 -0.998051763 63.412807465
-0.998393595 0.028730949 0.048828572 87.043136597 0.029911298 0.999272764 0.023616675 -3.801512957 -0.048114430 0.025039269 -0.998527050 62.937129974
-0.999014139 0.026782302 0.035394773 87.056312561 0.027651543 0.999321461 0.024301104 -3.799121380 -0.034719810 0.025255872 -0.999077022 62.477600098
-0.999516189 0.025842644 0.017290317 87.056175232 0.026273306 0.999337375 0.025161913 -3.795818567 -0.016628502 0.025604021 -0.999532938 62.033668518
-0.999679804 0.024422869 -0.006578280 87.041633606 0.024243500 0.999364793 0.026091887 -3.794211864 0.007211449 0.025924057 -0.999637008 61.604290009
-0.999070048 0.023469962 -0.036162101 87.011024475 0.022479665 0.999366820 0.027552731 -3.790583611 0.036785983 0.026714200 -0.998965204 61.194141388
-0.997182190 0.023172481 -0.071346283 86.962135315 0.021147287 0.999354661 0.029011359 -3.785145998 0.071972623 0.027420836 -0.997028768 60.802463531
-0.993344784 0.025817089 -0.112245902 86.885940552 0.022683082 0.999318123 0.029109189 -3.777921438 0.112921000 0.026369384 -0.993253171 60.420486450
-0.987026274 0.028995655 -0.157917604 86.791938782 0.024603460 0.999255359 0.029697947 -3.770216703 0.158661246 0.025427340 -0.987004757 60.051181793
-0.977555633 0.033141378 -0.208053291 86.678283691 0.027165109 0.999133229 0.031517256 -3.763978720 0.208917618 0.025158087 -0.977608740 59.698844910
-0.964369416 0.037617933 -0.261870205 86.540229797 0.029895302 0.998993635 0.033413440 -3.757612944 0.262863755 0.024394220 -0.964523673 59.357250214
-0.947332382 0.041826833 -0.317508012 86.380340576 0.032514390 0.998872280 0.034574743 -3.750919104 0.318596274 0.022430208 -0.947624207 59.027378082
-0.926633179 0.045316085 -0.373225003 86.205909729 0.034469031 0.998767495 0.035689227 -3.737931013 0.374382526 0.020206133 -0.927053213 58.716659546
-0.902431846 0.048473179 -0.428096473 86.013206482 0.035523474 0.998637974 0.038191553 -3.725172043 0.429364920 0.019257814 -0.902924776 58.419281006
-0.874887764 0.051172055 -0.481614202 85.808982849 0.036554817 0.998542309 0.039691772 -3.718881845 0.482943505 0.017120542 -0.875483096 58.147258759
-0.844342530 0.051736534 -0.533299565 85.587448120 0.035977438 0.998554528 0.039910953 -3.710684776 0.534593821 0.014511775 -0.844983459 57.883831024
-0.811041832 0.050928202 -0.582766593 85.353889465 0.034565441 0.998633862 0.039166003 -3.701990843 0.583965421 0.011621690 -0.811694205 57.640106201
-0.773684740 0.046778299 -0.631841004 85.110374451 0.029744588 0.998851955 0.037527934 -3.691495180 0.632871449 0.010240947 -0.774187922 57.407951355
-0.731974185 0.043492209 -0.679942310 84.850166321 0.025618391 0.999010861 0.036322508 -3.678102970 0.680849910 0.009168118 -0.732364297 57.188423157
-0.686428308 0.042578995 -0.725949407 84.574913025 0.021907244 0.999041200 0.037882037 -3.665766478 0.726866782 0.010099758 -0.686702847 56.981998444
-0.637920260 0.043698099 -0.768861234 84.274673462 0.018449664 0.998968542 0.041468650 -3.654891253 0.769880712 0.012268470 -0.638068378 56.788085938
-0.586628497 0.044660751 -0.808623374 83.959899902 0.014024927 0.998887837 0.044994600 -3.643700123 0.809733927 0.015054242 -0.586602390 56.609275818
-0.533948481 0.046789341 -0.844221056 83.628318787 0.010384241 0.998754263 0.048786316 -3.632277727 0.845452487 0.017282797 -0.533769190 56.448024750
-0.481222928 0.050552424 -0.875138998 83.277122498 0.009851735 0.998583615 0.052265953 -3.620612860 0.876542091 0.016529949 -0.481039375 56.303836823
-0.430690765 0.053193610 -0.900930226 82.925338745 0.007596442 0.998438835 0.055319361 -3.612137318 0.902466834 0.016981684 -0.430422455 56.179573059
-0.383141398 0.053830270 -0.922119498 82.556594849 0.004914430 0.998404145 0.056241609 -3.597743034 0.923675835 0.017016806 -0.382794470 56.065277100
-0.338516444 0.051470827 -0.939551413 82.173713684 0.000959200 0.998520195 0.054355729 -3.579017401 0.940959156 0.017499097 -0.338064820 55.959011078
-0.296219707 0.048472106 -0.953888774 81.790763855 -0.003849417 0.998641729 0.051941682 -3.561710596 0.955111265 0.019058073 -0.295630693 55.866016388
-0.256166250 0.045459472 -0.965562880 81.394805908 -0.007751531 0.998763800 0.049079143 -3.546517134 0.966600835 0.020057021 -0.255497128 55.784591675
-0.218539029 0.043023184 -0.974878967 80.986976624 -0.010098662 0.998873353 0.046345964 -3.532083511 0.975775123 0.019973386 -0.217858255 55.718086243
-0.183409423 0.041446734 -0.982162178 80.564979553 -0.011033244 0.998960018 0.044215996 -3.517017841 0.982973874 0.018946076 -0.182761312 55.662708282
-0.151034951 0.040360656 -0.987703860 80.128013611 -0.011251054 0.999030113 0.042543992 -3.500356436 0.988463581 0.017538348 -0.150434285 55.617530823
-0.121993169 0.039371595 -0.991749465 79.678375244 -0.010873578 0.999098837 0.041000947 -3.484289885 0.992470562 0.015785709 -0.121455014 55.581069946
-0.097387150 0.038426138 -0.994504154 79.218955994 -0.009576261 0.999170840 0.039544255 -3.469568491 0.995199680 0.013374744 -0.096938290 55.554332733
-0.077058300 0.039119367 -0.996258497 78.741897583 -0.008810795 0.999163151 0.039914958 -3.454966545 0.996986866 0.011853618 -0.076648995 55.530628204
-0.060604651 0.040900093 -0.997323275 78.251991272 -0.008046859 0.999106586 0.041462261 -3.441138268 0.998128593 0.010538134 -0.060221232 55.510978699
-0.047531977 0.042788167 -0.997952580 77.745506287 -0.008960374 0.999022484 0.043260872 -3.424481869 0.998828650 0.010998311 -0.047101960 55.492973328
-0.037442222 0.043774970 -0.998339236 77.225784302 -0.010289693 0.998969138 0.044188548 -3.405872345 0.999244928 0.011927131 -0.036953028 55.472869873
-0.030860428 0.044833988 -0.998517394 76.700286865 -0.010183532 0.998926461 0.045167141 -3.391153812 0.999470890 0.011562320 -0.030370560 55.458244324
-0.026309650 0.046134237 -0.998588383 76.150314331 -0.008714100 0.998884857 0.046377573 -3.372901201 0.999614954 0.009921986 -0.025878122 55.447742462
-0.023034368 0.047376543 -0.998611093 75.592613220 -0.008989979 0.998825252 0.047594115 -3.357834816 0.999693274 0.010073802 -0.022581220 55.436012268
-0.021870235 0.047552604 -0.998628914 75.001335144 -0.008677128 0.998820543 0.047751807 -3.333669901 0.999722183 0.009709584 -0.021431644 55.418502808
-0.022932276 0.047015559 -0.998630524 74.403381348 -0.008469968 0.998847604 0.047220331 -3.312009096 0.999700129 0.009541248 -0.022507453 55.394702911
-0.024415556 0.046099089 -0.998638093 73.785675049 -0.008109363 0.998893201 0.046309181 -3.290019035 0.999667943 0.009228992 -0.024014525 55.376472473
-0.026089692 0.045517039 -0.998622477 73.155487061 -0.006908195 0.998929739 0.045711573 -3.267276049 0.999634683 0.008091290 -0.025747156 55.359539032
-0.028791122 0.044903390 -0.998575985 72.513290405 -0.005016727 0.998970389 0.045065816 -3.243761301 0.999571860 0.006307088 -0.028536038 55.334892273
-0.031686012 0.044722177 -0.998496473 71.864929199 -0.004201478 0.998982668 0.044877328 -3.223729610 0.999487996 0.005617154 -0.031465705 55.307472229
-0.034312386 0.044437587 -0.998422384 71.187423706 -0.003443466 0.998998821 0.044581629 -3.201715469 0.999404132 0.004967745 -0.034124844 55.276836395
-0.037498940 0.044358678 -0.998311281 70.488708496 -0.001761904 0.999008834 0.044455897 -3.176444292 0.999293983 0.003425987 -0.037383445 55.242958069
-0.040472317 0.044822916 -0.998174429 69.777709961 -0.000534294 0.998991191 0.044881310 -3.150048971 0.999179363 0.002349777 -0.040407371 55.210235596
-0.042492948 0.045205392 -0.998073220 69.048782349 0.000787763 0.998976052 0.045212798 -3.124590874 0.999095261 0.001134988 -0.042484879 55.177303314
-0.044741269 0.044913471 -0.997988105 68.312606812 0.000713278 0.998988986 0.044926591 -3.096558571 0.998997152 0.001298238 -0.044727903 55.138481140
-0.046158202 0.045234147 -0.997909069 67.574409485 -0.000051357 0.998973072 0.045284808 -3.071954966 0.998932898 0.002141523 -0.046108313 55.099914551
-0.046943784 0.046376638 -0.997819960 66.823822021 0.000428220 0.998921454 0.046407737 -3.042978048 0.998896182 0.001751277 -0.046912849 55.061912537
-0.047985747 0.047725137 -0.997706831 66.067581177 0.000867498 0.998858452 0.047738552 -3.018104076 0.998846352 0.001425269 -0.047972210 55.019096375
-0.048690338 0.048511535 -0.997634768 65.287918091 0.000266299 0.998819351 0.048556190 -2.987356901 0.998812616 0.002098555 -0.048645608 54.977817535
-0.049636316 0.049184617 -0.997555196 64.502807617 0.000199160 0.998786151 0.049235445 -2.958949327 0.998766065 0.002245200 -0.049585696 54.934600830
-0.050486058 0.048690420 -0.997536778 63.720561981 -0.000847402 0.998807430 0.048795372 -2.928018570 0.998723149 0.003308808 -0.050384421 54.890457153
-0.051010828 0.047973990 -0.997544765 62.931564331 -0.001419693 0.998840094 0.048108920 -2.900128126 0.998695850 0.003870292 -0.050883386 54.844448090
-0.051249132 0.047855500 -0.997538269 62.139629364 -0.002617391 0.998840392 0.048052475 -2.871595860 0.998681247 0.005073604 -0.051064283 54.799644470
-0.050792083 0.047477689 -0.997579694 61.332210541 -0.003132663 0.998855889 0.047697965 -2.841485739 0.998703122 0.005547769 -0.050585076 54.755359650
-0.050285246 0.047519609 -0.997603416 60.520977020 -0.003654697 0.998851001 0.047763295 -2.811387062 0.998727024 0.006047737 -0.050053634 54.710140228
-0.049399067 0.048212279 -0.997614443 59.695041656 -0.004514894 0.998812318 0.048493773 -2.775470734 0.998767734 0.006899680 -0.049122550 54.665382385
-0.048440602 0.049135804 -0.997616410 58.871852875 -0.004733788 0.998765767 0.049422309 -2.745476246 0.998813689 0.007116560 -0.048148043 54.621620178
-0.047641367 0.049723528 -0.997625768 58.047176361 -0.003447587 0.998745084 0.049943991 -2.715547085 0.998857379 0.005818811 -0.047409985 54.581710815
-0.047208119 0.050097197 -0.997627676 57.210464478 -0.001984208 0.998733878 0.050246671 -2.685494661 0.998881936 0.004351561 -0.047048777 54.541461945
-0.047361307 0.050085749 -0.997621000 56.381000519 -0.000482525 0.998739839 0.050164863 -2.656915665 0.998876572 0.002857260 -0.047277290 54.504650116
-0.046970341 0.049912922 -0.997648180 55.555130005 0.000638539 0.998751104 0.049938075 -2.626151562 0.998894930 0.001708580 -0.046943385 54.464580536
-0.047208462 0.049692400 -0.997648001 54.712436676 0.001900314 0.998763442 0.049658079 -2.596107960 0.998882115 0.000448445 -0.047244351 54.425838470
-0.047162428 0.049806941 -0.997644484 53.866249084 0.002249247 0.998757839 0.049756240 -2.564001322 0.998883605 0.000102685 -0.047215708 54.383407593
-0.047485899 0.050435118 -0.997597575 53.015213013 0.002918320 0.998726130 0.050353315 -2.530184269 0.998866498 -0.000520228 -0.047572434 54.339366913
-0.047536407 0.051397759 -0.997546017 52.181678772 0.004468400 0.998675108 0.051243056 -2.501823425 0.998858392 -0.002021516 -0.047702935 54.296161652
-0.048011065 0.052506559 -0.997465551 51.317291260 0.004185177 0.998618126 0.052365839 -2.471000910 0.998836875 -0.001660423 -0.048164312 54.251079559
-0.048336197 0.052957315 -0.997425973 50.448204041 0.004096153 0.998594463 0.052820906 -2.431851149 0.998821557 -0.001532441 -0.048485029 54.214088440
-0.049225934 0.053084008 -0.997375727 49.604976654 0.004206619 0.998587668 0.052940946 -2.403489590 0.998777628 -0.001589505 -0.049379565 54.169582367
-0.049989861 0.052596282 -0.997363567 48.743671417 0.004223787 0.998613477 0.052450545 -2.368394375 0.998739600 -0.001590649 -0.050142553 54.122509003
-0.050690781 0.052514885 -0.997332454 47.894721985 0.003938013 0.998618245 0.052382484 -2.332305431 0.998705447 -0.001272192 -0.050827391 54.074077606
-0.051549163 0.052731935 -0.997277021 47.043674469 0.003226911 0.998607516 0.052635536 -2.299404144 0.998664081 -0.000504800 -0.051647391 54.024616241
-0.052165058 0.053181037 -0.997221112 46.194938660 0.003169342 0.998583734 0.053087968 -2.267231464 0.998632312 -0.000391191 -0.052259576 53.976619720
-0.053089119 0.053353541 -0.997163177 45.373638153 0.003191709 0.998574555 0.053259186 -2.241440535 0.998583555 -0.000355164 -0.053183585 53.940631866
-0.053337287 0.053170882 -0.997159660 44.527420044 0.002752511 0.998584330 0.053099673 -2.207790136 0.998571694 0.000087507 -0.053407986 53.886421204
-0.053403459 0.052836027 -0.997173905 43.689975739 0.002190258 0.998601913 0.052794442 -2.177779436 0.998569548 0.000635345 -0.053444374 53.834285736
-0.053268772 0.052636590 -0.997191608 42.862834930 0.002734439 0.998612642 0.052565575 -2.147749662 0.998575389 0.000073351 -0.053338654 53.787349701
-0.052984897 0.052688256 -0.997204006 42.023548126 0.003537982 0.998609662 0.052574590 -2.117510796 0.998587966 -0.000742424 -0.053097494 53.747127533
-0.052559089 0.053080387 -0.997205794 41.190910339 0.004097424 0.998588264 0.052938070 -2.083786726 0.998608351 -0.001303591 -0.052702237 53.701068878
-0.051919807 0.053190462 -0.997233450 40.372695923 0.004792010 0.998581231 0.053012911 -2.053279400 0.998638749 -0.002026326 -0.052100886 53.655815125
-0.051623378 0.052595187 -0.997280419 39.556846619 0.005988843 0.998609483 0.052355327 -2.024034023 0.998647630 -0.003269791 -0.051866431 53.613357544
-0.051152643 0.050964456 -0.997389317 38.749320984 0.006829023 0.998690426 0.050680757 -1.994502306 0.998666465 -0.004218734 -0.051433548 53.568843842
-0.050899327 0.049905941 -0.997455776 37.939842224 0.006630432 0.998744369 0.049632125 -1.964031935 0.998680711 -0.004087315 -0.051166173 53.521381378
-0.050535589 0.050158873 -0.997461557 37.134124756 0.005985253 0.998734117 0.049919680 -1.937413335 0.998703241 -0.003447334 -0.050771691 53.472324371
-0.050066538 0.051385026 -0.997422814 36.320823669 0.006172600 0.998671234 0.051139556 -1.908876896 0.998725772 -0.003596305 -0.050317053 53.427623749
-0.049941171 0.052400719 -0.997376263 35.512672424 0.006617426 0.998616934 0.052134603 -1.877215624 0.998729229 -0.003996395 -0.050218720 53.382110596
-0.050340593 0.053480785 -0.997298837 34.714855194 0.006720836 0.998559535 0.053209197 -1.847969890 0.998708487 -0.004024095 -0.050627377 53.348453522
-0.051303040 0.053937104 -0.997225225 33.900051117 0.007240889 0.998533130 0.053635381 -1.819752932 0.998655856 -0.004469134 -0.051618200 53.303230286
-0.052296076 0.053213861 -0.997212470 33.093734741 0.007802500 0.998569310 0.052877136 -1.783139110 0.998600125 -0.005015479 -0.052636322 53.252975464
-0.053393081 0.052536312 -0.997190297 32.314281464 0.008677729 0.998600543 0.052146025 -1.754621029 0.998534799 -0.005869107 -0.053774122 53.204746246
-0.055252731 0.052033138 -0.997115374 31.516540527 0.009634001 0.998621285 0.051577926 -1.721762061 0.998424888 -0.006756386 -0.055677708 53.156826019
-0.056834862 0.051526431 -0.997052789 30.726379395 0.009741335 0.998647213 0.051053595 -1.690530300 0.998335063 -0.006810997 -0.057259787 53.105529785
-0.059026349 0.051337339 -0.996935189 29.949062347 0.009403558 0.998659849 0.050869439 -1.661558390 0.998211145 -0.006372096 -0.059429869 53.058444977
-0.060021758 0.050927479 -0.996896744 29.178659439 0.006617252 0.998694837 0.050620969 -1.630856514 0.998174191 -0.003558352 -0.060280286 53.003818512
-0.060123414 0.051309820 -0.996871054 28.416215897 0.004058212 0.998681128 0.051158275 -1.601453781 0.998181760 -0.000969696 -0.060252212 52.948894501
-0.059503216 0.051996794 -0.996872663 27.629804611 0.001505297 0.998644769 0.051999424 -1.565397620 0.998226047 0.001593552 -0.059500713 52.886238098
-0.058419567 0.053871762 -0.996837199 26.876775742 -0.000561323 0.998539805 0.053996719 -1.540267110 0.998291016 0.003714021 -0.058303893 52.836658478
-0.056946687 0.055336908 -0.996842146 26.111185074 -0.001120911 0.998457432 0.055490654 -1.512233853 0.998375654 0.004277389 -0.056796689 52.787136078
-0.054795280 0.055792030 -0.996937335 25.360561371 -0.000953401 0.998433173 0.055928186 -1.483623266 0.998496234 0.004015090 -0.054656111 52.743408203
-0.052772351 0.055756792 -0.997048438 24.609668732 -0.000407969 0.998437583 0.055856112 -1.456194282 0.998605549 0.003354432 -0.052667029 52.705417633
-0.050713450 0.055465590 -0.997171521 23.866510391 0.000813907 0.998457432 0.055495769 -1.428571343 0.998712003 0.002002785 -0.050680242 52.667045593
-0.049144745 0.054793887 -0.997287154 23.120922089 0.001696518 0.998496056 0.054776751 -1.397402287 0.998789370 0.001000081 -0.049163669 52.631935120
-0.048088323 0.054822568 -0.997337103 22.371158600 0.001993472 0.998494804 0.054790132 -1.364045382 0.998840272 0.000646608 -0.048125103 52.592548370
-0.046716340 0.054885074 -0.997398913 21.629837036 0.002312948 0.998491585 0.054836914 -1.334069252 0.998904645 0.000254854 -0.046772692 52.555393219
-0.045082178 0.055154290 -0.997459233 20.882896423 0.002571227 0.998476744 0.055094387 -1.303271055 0.998979092 -0.000080913 -0.045155194 52.518737793
-0.043832757 0.054893535 -0.997529268 20.148538589 0.002531071 0.998491108 0.054835293 -1.277794957 0.999034822 -0.000121230 -0.043905430 52.485538483
-0.042112283 0.053888518 -0.997658193 19.418350220 0.002859346 0.998545706 0.053815808 -1.247894406 0.999107897 -0.000586338 -0.042204995 52.450981140
-0.041378286 0.052466106 -0.997764707 18.684116364 0.003059515 0.998621225 0.052384313 -1.217688441 0.999137998 -0.000885098 -0.041481622 52.413646698
-0.041107517 0.051752511 -0.997813165 17.954135895 0.004185913 0.998656750 0.051623866 -1.187848687 0.999145091 -0.002054625 -0.041268796 52.381851196
-0.040840190 0.051793870 -0.997822046 17.229755402 0.005183422 0.998651981 0.051624853 -1.157415390 0.999151349 -0.003063760 -0.041053474 52.349933624
-0.039819468 0.052846532 -0.997808099 16.513170242 0.006011759 0.998593867 0.052648295 -1.138369679 0.999187887 -0.003902151 -0.040081050 52.306900024
-0.039283402 0.053584293 -0.997789979 15.787866592 0.006214371 0.998553753 0.053380698 -1.110389233 0.999207854 -0.004103657 -0.039559457 52.274116516
-0.038737476 0.054781221 -0.997746289 15.075292587 0.006913322 0.998485744 0.054553464 -1.084578395 0.999224544 -0.004784475 -0.039057411 52.243995667
-0.038266730 0.055781290 -0.997709095 14.366546631 0.007661637 0.998426557 0.055527601 -1.054899931 0.999237180 -0.005519223 -0.038633768 52.216449738
-0.036852982 0.057235323 -0.997679949 13.666785240 0.007578132 0.998344541 0.056993581 -1.028896451 0.999290943 -0.005460165 -0.037225582 52.188983917
-0.034948796 0.057802130 -0.997715771 12.971416473 0.007169880 0.998313546 0.057585672 -1.001162291 0.999362350 -0.005140950 -0.035304163 52.161907196
-0.032297865 0.057548929 -0.997819722 12.286922455 0.007420474 0.998326004 0.057337999 -0.972823501 0.999449670 -0.005552399 -0.032670710 52.134494781
-0.028960565 0.056285080 -0.997994184 11.610719681 0.007522628 0.998396158 0.056089509 -0.940785527 0.999551177 -0.005883155 -0.029337401 52.107383728
-0.025861073 0.054243311 -0.998192310 10.959689140 0.007470576 0.998508096 0.054066978 -0.913708746 0.999636531 -0.006058842 -0.026227590 52.080066681
-0.022482531 0.053213898 -0.998329520 10.319439888 0.007560856 0.998561621 0.053056058 -0.889443755 0.999717534 -0.006355391 -0.022852404 52.058467865
-0.018836677 0.052980479 -0.998417377 9.706313133 0.007857371 0.998570740 0.052840441 -0.867477000 0.999790609 -0.006849598 -0.019225907 52.041011810
-0.016279966 0.053690273 -0.998424411 9.112598419 0.008371601 0.998528242 0.053559419 -0.843014240 0.999831319 -0.007486466 -0.016705340 52.030288696
-0.013953542 0.054989770 -0.998388886 8.531838417 0.008298326 0.998457253 0.054877624 -0.822851539 0.999867141 -0.007519221 -0.014388197 52.017662048
-0.012157816 0.055570271 -0.998380244 7.975487709 0.009367283 0.998415768 0.055458240 -0.804272413 0.999881148 -0.008677863 -0.012658954 52.006172180
-0.011452096 0.055679850 -0.998382449 7.417911530 0.010355777 0.998400211 0.055562112 -0.787707627 0.999879777 -0.009702729 -0.012010239 52.008586884
-0.010591379 0.056484494 -0.998346746 6.881229401 0.011666366 0.998340964 0.056360465 -0.770335138 0.999874771 -0.011050151 -0.011232633 52.007179260
-0.009738523 0.056185208 -0.998372316 6.361093998 0.012700984 0.998345196 0.056059863 -0.752096057 0.999870837 -0.012134378 -0.010435872 52.008842468
-0.009261420 0.055441085 -0.998418450 5.863660812 0.014704452 0.998359978 0.055301510 -0.734301329 0.999847889 -0.014169035 -0.010061318 52.007793427
-0.009639354 0.054866292 -0.998446643 5.382774353 0.017015811 0.998356581 0.054697137 -0.717698991 0.999807656 -0.016462145 -0.010556963 52.006843567
-0.010866538 0.054169577 -0.998472095 4.923570633 0.019561416 0.998350561 0.053950164 -0.701876342 0.999748468 -0.018945286 -0.011908105 52.002048492
-0.014511912 0.053654447 -0.998453557 4.472438335 0.021918258 0.998334885 0.053329572 -0.688373148 0.999653280 -0.021110460 -0.015663620 51.995090485
-0.021907391 0.053256832 -0.998339951 4.039577484 0.024264229 0.998312831 0.052723009 -0.670330226 0.999464393 -0.023068940 -0.023162533 51.981979370
-0.033382267 0.053535193 -0.998007298 3.626526833 0.026524780 0.998258591 0.052661527 -0.658348262 0.999089539 -0.024713978 -0.034744017 51.960792542
-0.048172943 0.053777039 -0.997389793 3.232123852 0.028374493 0.998218775 0.052451361 -0.647457719 0.998434901 -0.025773708 -0.049612917 51.932167053
-0.065862037 0.054345295 -0.996347189 2.861772776 0.028780166 0.998202324 0.052544091 -0.638820648 0.997412622 -0.025214393 -0.067307606 51.892517090
-0.086921446 0.055729993 -0.994654596 2.511349201 0.029095642 0.998148680 0.053383213 -0.630909562 0.995789289 -0.024299981 -0.088381946 51.842098236
-0.112285972 0.056128707 -0.992088854 2.181343555 0.030839898 0.998117864 0.052979372 -0.622450829 0.993196368 -0.024647092 -0.113805585 51.784065247
-0.144268468 0.055021971 -0.988007128 1.870881677 0.033481423 0.998151243 0.050698020 -0.614883244 0.988971114 -0.025765773 -0.145843953 51.715991974
-0.180989593 0.053240426 -0.982042253 1.566802502 0.033493884 0.998286724 0.047948271 -0.604921401 0.982913673 -0.024214284 -0.182462752 51.627830505
-0.220271826 0.052443422 -0.974027038 1.268459082 0.031422146 0.998415530 0.046650629 -0.595396161 0.974931419 -0.020330211 -0.221570760 51.519470215
-0.263255775 0.052167770 -0.963313878 0.983699381 0.028177312 0.998525262 0.046374351 -0.585065484 0.964313567 -0.014935286 -0.264337599 51.395244598
-0.308694005 0.051304493 -0.949776113 0.713915348 0.025112387 0.998634338 0.045781791 -0.576457739 0.950828850 -0.009718579 -0.309561014 51.255901337
-0.355963498 0.050041135 -0.933158398 0.457984984 0.023848766 0.998725057 0.044459876 -0.563712716 0.934194505 -0.006428579 -0.356703341 51.110958099
-0.405283570 0.049716473 -0.912837446 0.216774926 0.023483537 0.998755455 0.043969672 -0.558131158 0.913888335 -0.003616458 -0.405946970 50.957210541
-0.456024498 0.047430180 -0.888701677 -0.007824674 0.021156305 0.998872995 0.042454049 -0.549004197 0.889714718 0.000558454 -0.456514359 50.790721893
-0.506059766 0.045150641 -0.861315012 -0.220623717 0.019054411 0.998968959 0.041171312 -0.541283488 0.862286866 0.004423308 -0.506398737 50.610786438
-0.555498421 0.042077582 -0.830451429 -0.417639256 0.015528145 0.999068141 0.040234216 -0.531732738 0.831371546 0.009454694 -0.555634677 50.420490265
-0.603802145 0.039429225 -0.796157598 -0.604467213 0.013688522 0.999140024 0.039100561 -0.526412129 0.797015727 0.012710805 -0.603823185 50.216426849
-0.650529087 0.036410011 -0.758607149 -0.781401992 0.011679407 0.999210119 0.037942581 -0.520116508 0.759390533 0.015822699 -0.650441170 49.997219086
-0.695202529 0.037004955 -0.717859745 -0.954887867 0.015305477 0.999208093 0.036685854 -0.507528543 0.718649924 0.014516938 -0.695219100 49.767501831
-0.738927603 0.042415157 -0.672447383 -1.122032642 0.023086984 0.999022901 0.037644815 -0.496685416 0.673388124 0.012292031 -0.739185631 49.527095795
-0.780340075 0.047623560 -0.623538256 -1.279011965 0.029843610 0.998794377 0.038935926 -0.484373778 0.624641776 0.011774649 -0.780821443 49.280746460
-0.818466663 0.049139638 -0.572447598 -1.409427047 0.031253889 0.998666883 0.041041184 -0.475541413 0.573702216 0.015699647 -0.818912327 49.010482788
-0.854608476 0.048695270 -0.516983271 -1.523397565 0.030916749 0.998597026 0.042951670 -0.466788352 0.518350482 0.020723445 -0.854916096 48.726779938
-0.887304962 0.048344668 -0.458640575 -1.624430895 0.031534538 0.998521268 0.044244841 -0.457674652 0.460102290 0.024795679 -0.887518585 48.420433044
-0.915273249 0.047622140 -0.400006890 -1.707929492 0.032877740 0.998504281 0.043646358 -0.448261857 0.401488006 0.026797056 -0.915471196 48.103507996
-0.938239038 0.047161315 -0.342756391 -1.777548552 0.034997940 0.998519957 0.041589696 -0.437541336 0.344211310 0.027025344 -0.938502192 47.774555206
-0.956863225 0.046293478 -0.286824524 -1.831276417 0.036569729 0.998561561 0.039169293 -0.430293888 0.288225949 0.026990596 -0.957180977 47.435348511
-0.971229017 0.045140542 -0.233827114 -1.873722672 0.037623275 0.998623133 0.036512569 -0.423227429 0.235154018 0.026664764 -0.971591353 47.073360443
-0.981985927 0.042331543 -0.184147596 -1.905367851 0.036650807 0.998743057 0.034145504 -0.417943776 0.185362130 0.026781289 -0.982304394 46.703910828
-0.989234388 0.042041976 -0.140166044 -1.931499124 0.038119208 0.998804331 0.030556129 -0.413389295 0.141283616 0.024884194 -0.989655495 46.315765381
-0.993723512 0.042884570 -0.103311539 -1.948412299 0.040349290 0.998832405 0.026507374 -0.403985679 0.104328141 0.022172486 -0.994294882 45.916427612
-0.996445298 0.042400230 -0.072785564 -1.956001997 0.040842958 0.998904943 0.022752896 -0.396299303 0.073671013 0.019699268 -0.997087240 45.501674652
-0.997988462 0.041012805 -0.048329487 -1.952168465 0.040040936 0.998977721 0.020909371 -0.387584805 0.049138024 0.018932182 -0.998611808 45.060913086
-0.998825133 0.038648840 -0.029213073 -1.944185138 0.038041104 0.999052227 0.021081591 -0.380813390 0.030000525 0.019945556 -0.999350131 44.605384827
-0.999172509 0.038075484 -0.014258934 -1.933550239 0.037763711 0.999053121 0.021532282 -0.375048846 0.015065624 0.020976026 -0.999665737 44.133987427
-0.999229372 0.039143566 -0.002695836 -1.925207257 0.039076127 0.998999476 0.021678738 -0.367740333 0.003542045 0.021556722 -0.999760568 43.644512177
-0.999176085 0.040082615 0.006281695 -1.914025068 0.040210705 0.998951972 0.021795029 -0.361525595 -0.005401198 0.022029696 -0.999741971 43.142742157
-0.999112487 0.040114008 0.012805402 -1.898718834 0.040383700 0.998950422 0.021545352 -0.355114460 -0.011927387 0.022043396 -0.999685049 42.626018524
-0.999067605 0.039663032 0.017016772 -1.883331656 0.040011279 0.998984635 0.020636048 -0.349462837 -0.016180703 0.021297708 -0.999641418 42.093143463
-0.999066234 0.038824435 0.018920543 -1.864111185 0.039197929 0.999034107 0.019785045 -0.343125731 -0.018133825 0.020508256 -0.999624431 41.542858124
-0.999090672 0.038077630 0.019148944 -1.846460700 0.038446959 0.999072671 0.019302716 -0.336682230 -0.018395886 0.020021418 -0.999629557 40.981803894
-0.999076307 0.038768135 0.018500337 -1.830987453 0.039125454 0.999045253 0.019358940 -0.329541266 -0.017731862 0.020064928 -0.999640644 40.406730652
-0.998993874 0.041202821 0.017670218 -1.818273067 0.041542079 0.998949170 0.019281561 -0.323413104 -0.016856894 0.019996254 -0.999657154 39.814376831
-0.998957157 0.042221524 0.017338207 -1.804424047 0.042565454 0.998892546 0.019970136 -0.316223592 -0.016475536 0.020687355 -0.999649465 39.208904266
-0.998940885 0.042457826 0.017697934 -1.791488051 0.042824730 0.998862505 0.020894414 -0.307110488 -0.016790371 0.021630229 -0.999624312 38.591060638
-0.998859286 0.043709327 0.019194739 -1.775949478 0.044120729 0.998791993 0.021559263 -0.299193442 -0.018228913 0.022381591 -0.999582529 37.955211639
-0.998758614 0.044705860 0.021942271 -1.758508921 0.045211315 0.998708665 0.023106789 -0.292309731 -0.020880632 0.024070179 -0.999491453 37.312465668
-0.998646319 0.045320451 0.025501886 -1.739582896 0.045965705 0.998620808 0.025311498 -0.283159077 -0.024319295 0.026449487 -0.999353588 36.665428162
-0.998508573 0.046277270 0.028944550 -1.716480374 0.047059365 0.998526990 0.026949102 -0.274981976 -0.027654497 0.028271064 -0.999216974 36.020641327
-0.998396814 0.046342034 0.032480858 -1.691381097 0.047232997 0.998511374 0.027221382 -0.266999125 -0.031170731 0.028711950 -0.999100864 35.374668121
-0.998263955 0.046575990 0.036034197 -1.663764119 0.047551055 0.998510540 0.026692344 -0.257778287 -0.034737024 0.028359510 -0.998993337 34.736473083
-0.998075545 0.047463063 0.039889351 -1.632698417 0.048510768 0.998489916 0.025720460 -0.249016285 -0.038608074 0.027606068 -0.998872280 34.097599030
-0.997850835 0.047896512 0.044702373 -1.600346327 0.049029157 0.998492956 0.024593869 -0.241716817 -0.043456782 0.026732774 -0.998696864 33.464084625
-0.997637987 0.047590334 0.049520276 -1.564185381 0.048821237 0.998518765 0.023950338 -0.233225673 -0.048306864 0.026311450 -0.998485148 32.833610535
-0.997456074 0.047344599 0.053278893 -1.526545882 0.048667651 0.998529494 0.023814520 -0.227434963 -0.052072808 0.026346935 -0.998294890 32.202163696
-0.997325957 0.046989091 0.055961467 -1.484797835 0.048368558 0.998550236 0.023555480 -0.221897140 -0.054773234 0.026199307 -0.998154283 31.571956635
-0.997187436 0.047202233 0.058205243 -1.444928169 0.048661333 0.998527586 0.023910057 -0.215986758 -0.056990683 0.026675193 -0.998017550 30.947668076
-0.997011781 0.048247624 0.060318533 -1.408254981 0.049801111 0.998456597 0.024521301 -0.211530820 -0.059042096 0.027451996 -0.997877181 30.329959869
-0.996849537 0.048968516 0.062382963 -1.369456887 0.050588634 0.998413622 0.024660241 -0.209040165 -0.061076179 0.027738461 -0.997746825 29.716888428
-0.996741414 0.048589066 0.064375013 -1.330017447 0.050241556 0.998439908 0.024303425 -0.204916820 -0.063093461 0.027458573 -0.997629046 29.112634659
-0.996609211 0.048991118 0.066093571 -1.288048744 0.050667256 0.998427510 0.023925662 -0.201615900 -0.064817250 0.027193358 -0.997525811 28.516178131
-0.996554136 0.048389118 0.067355946 -1.246917605 0.050088368 0.998460472 0.023770925 -0.199000672 -0.066101745 0.027062807 -0.997445047 27.934028625
-0.996556044 0.047405243 0.068023592 -1.206692100 0.049129628 0.998504937 0.023903830 -0.194990262 -0.066788480 0.027163526 -0.997396529 27.356407166
-0.996575177 0.046908289 0.068088062 -1.166050911 0.048634220 0.998528898 0.023915149 -0.192243963 -0.066865832 0.027144698 -0.997391880 26.788728714
-0.996617854 0.045823056 0.068203069 -1.125790119 0.047543950 0.998583555 0.023825267 -0.190417171 -0.067014471 0.026987372 -0.997386158 26.227375031
-0.996651351 0.044661019 0.068484053 -1.084999561 0.046393365 0.998635471 0.023916343 -0.187634528 -0.067322239 0.027013507 -0.997364700 25.672830582
-0.996692419 0.043491393 0.068638280 -1.044426441 0.045233428 0.998685896 0.024032211 -0.183507025 -0.067502648 0.027057514 -0.997351348 25.122961044
-0.996721029 0.043431945 0.068259105 -1.005756736 0.045135520 0.998700261 0.023615649 -0.179485336 -0.067144468 0.026619170 -0.997387290 24.582359314
-0.996708214 0.044685174 0.067634679 -0.969900608 0.046245143 0.998693466 0.021676388 -0.177351400 -0.066577457 0.024732850 -0.997473836 24.049053192
-0.996769845 0.044932228 0.066554226 -0.933665216 0.046383340 0.998713493 0.020420032 -0.175143257 -0.065550841 0.023441115 -0.997573018 23.524755478
-0.996931553 0.044133771 0.064639077 -0.896655917 0.045606695 0.998726785 0.021490380 -0.169987068 -0.063608073 0.024372447 -0.997676492 23.005651474
-0.997207165 0.040410925 0.062796287 -0.857013285 0.042041954 0.998804748 0.024871828 -0.161608577 -0.061715879 0.027442483 -0.997715592 22.500576019
-0.997439206 0.036855992 0.061278526 -0.819594622 0.038636841 0.998855710 0.028134299 -0.156616017 -0.060171228 0.030429909 -0.997723281 22.005550385
-0.997475207 0.036710080 0.060778808 -0.789153337 0.038698308 0.998741269 0.031864300 -0.152860850 -0.059532307 0.034135934 -0.997641683 21.521276474
-0.997393727 0.038593810 0.060949303 -0.764112949 0.040791981 0.998544455 0.035241969 -0.152181372 -0.059500214 0.037636410 -0.997517645 21.054096222
-0.997345865 0.038543470 0.061757926 -0.735172629 0.040874649 0.998479784 0.036938276 -0.149582192 -0.060240056 0.039364628 -0.997406483 20.599752426
-0.997472525 0.035381690 0.061603792 -0.698278010 0.037642948 0.998643219 0.035940491 -0.141840085 -0.060248319 0.038168661 -0.997452438 20.161806107
-0.997643471 0.031561073 0.060908098 -0.663199067 0.033675119 0.998852849 0.033999454 -0.132194817 -0.059764914 0.035970479 -0.997563183 19.740774155
-0.997716069 0.029403707 0.060798373 -0.632473230 0.031494740 0.998933315 0.033724871 -0.123756215 -0.059741631 0.035562735 -0.997579157 19.331768036
-0.997705281 0.030252846 0.060559064 -0.609288752 0.032419350 0.998855770 0.035117403 -0.117170118 -0.059427116 0.037000168 -0.997545660 18.935155869
-0.997688591 0.031410005 0.060244180 -0.587205529 0.033663537 0.998755395 0.036763068 -0.111682944 -0.059014220 0.038706191 -0.997505426 18.543657303
-0.997688532 0.031777583 0.060051486 -0.563013434 0.034044053 0.998729944 0.037102956 -0.106699459 -0.058795922 0.039061658 -0.997504473 18.160644531
-0.997668624 0.031364519 0.060597271 -0.537880957 0.033642996 0.998749077 0.036952510 -0.101061262 -0.059362218 0.038905103 -0.997477055 17.781814575
-0.997617900 0.030748023 0.061738160 -0.511314094 0.033108138 0.998743713 0.037575163 -0.095397554 -0.060504992 0.039529759 -0.997383833 17.403095245
-0.997547507 0.030913569 0.062785044 -0.486149907 0.033343352 0.998718798 0.038027506 -0.089584872 -0.061528798 0.040027779 -0.997301340 17.026462555
-0.997500896 0.031210674 0.063376263 -0.461251855 0.033648267 0.998718500 0.037765633 -0.082465030 -0.062116120 0.039803825 -0.997273862 16.655500412
-0.997484207 0.031429976 0.063529931 -0.437310219 0.033845801 0.998728812 0.037314389 -0.075075366 -0.062276147 0.039370809 -0.997281075 16.285375595
-0.997483194 0.031213880 0.063652404 -0.411669850 0.033596259 0.998759747 0.036706984 -0.065173417 -0.062427457 0.038753156 -0.997295797 15.911705971
-0.997423828 0.032572571 0.063901126 -0.389746189 0.034838390 0.998789966 0.034669749 -0.059295371 -0.062694281 0.036806718 -0.997352779 15.546703339
-0.997379839 0.033836562 0.063930288 -0.367778271 0.036033310 0.998786569 0.033526387 -0.054640651 -0.062718064 0.035742231 -0.997389972 15.178796768
-0.997399986 0.033804506 0.063632496 -0.343617857 0.036025181 0.998768091 0.034080375 -0.048285175 -0.062401801 0.036284208 -0.997390270 14.811383247
-0.997459531 0.033622433 0.062790237 -0.319328696 0.035804529 0.998780191 0.033955999 -0.039496690 -0.061571732 0.036117975 -0.997447908 14.437490463
-0.997532725 0.034367010 0.061204363 -0.297280371 0.036445733 0.998783171 0.033176996 -0.030948145 -0.059989464 0.035325840 -0.997572720 14.055661201
-0.997609854 0.036051057 0.058936972 -0.276520073 0.037859127 0.998835385 0.029854214 -0.024611013 -0.057791825 0.032014214 -0.997814178 13.672533035
-0.997722208 0.035677612 0.057237279 -0.252592236 0.037097879 0.999023020 0.023945432 -0.020055039 -0.056326814 0.026014319 -0.998072386 13.285364151
-0.997810364 0.034846269 0.056204230 -0.226575196 0.036170192 0.999085844 0.022712251 -0.019691762 -0.055361178 0.024695482 -0.998159885 12.890922546
-0.997852087 0.034728512 0.055532336 -0.202826843 0.036086828 0.999067187 0.023646427 -0.011350999 -0.054659091 0.025599668 -0.998175800 12.484340668
-0.997883141 0.034860130 0.054887861 -0.178641483 0.036231153 0.999049127 0.024184199 0.000544564 -0.053992365 0.026121702 -0.998198569 12.072257996
-0.997892380 0.034913696 0.054684818 -0.153699815 0.036224775 0.999073446 0.023169637 0.011087984 -0.053824969 0.025101794 -0.998233795 11.657123566
-0.997888267 0.035304263 0.054508522 -0.129497409 0.036555573 0.999084949 0.022131752 0.020146564 -0.053677056 0.024077652 -0.998266995 11.239677429
-0.997904718 0.035421595 0.054129574 -0.104001641 0.036819849 0.999006152 0.025055736 0.020129781 -0.053188022 0.026996331 -0.998218477 10.813905716
-0.998036683 0.032542937 0.053500015 -0.073560081 0.034074254 0.999026418 0.027963459 0.019793963 -0.052537672 0.029731587 -0.998175204 10.386482239
-0.998085797 0.031845853 0.053001024 -0.047168117 0.033268336 0.999101996 0.026175689 0.026810870 -0.052119598 0.027888892 -0.998250306 9.954484940
-0.998073697 0.032514185 0.052823465 -0.024047805 0.033798914 0.999148011 0.023611795 0.035063423 -0.052010499 0.025351735 -0.998323679 9.520644188
-0.998075068 0.033506721 0.052173756 -0.000080898 0.034666955 0.999166071 0.021493025 0.043067217 -0.051409844 0.023260400 -0.998405695 9.076393127
-0.998121142 0.032740798 0.051777642 0.025881756 0.033831391 0.999219120 0.020327777 0.048845015 -0.051071417 0.022041334 -0.998450696 8.628017426
-0.998180747 0.031955004 0.051115848 0.052833311 0.033020042 0.999250293 0.020127891 0.054217435 -0.050434090 0.021779161 -0.998488843 8.169869423
-0.998265266 0.030845575 0.050136544 0.078655526 0.031874396 0.999293029 0.019851124 0.058858622 -0.049488530 0.021414800 -0.998544037 7.708750248
-0.998321235 0.031018935 0.048899669 0.102036349 0.032053787 0.999273717 0.020521723 0.062473871 -0.048227344 0.022054734 -0.998591781 7.238505363
-0.998360813 0.031308372 0.047896750 0.124982417 0.032361887 0.999245763 0.021379653 0.067837253 -0.047191013 0.022894681 -0.998622358 6.765584946
-0.998420835 0.031116420 0.046756718 0.148802608 0.032150291 0.999249518 0.021523912 0.071559109 -0.046051629 0.022993209 -0.998673320 6.290717125
-0.998458803 0.032173425 0.045205664 0.170679644 0.033190817 0.999206483 0.021937514 0.075835928 -0.044463731 0.023404162 -0.998735726 5.815675259
-0.998437166 0.034314457 0.044095200 0.187946856 0.035288613 0.999143958 0.021505920 0.078706741 -0.043319233 0.023028411 -0.998794734 5.339993954
-0.998500288 0.033847652 0.043013085 0.209731698 0.034807529 0.999155223 0.021765420 0.081362769 -0.042239781 0.023230001 -0.998836339 4.864798546
-0.998575628 0.033225391 0.041729826 0.232694805 0.034178667 0.999164283 0.022341061 0.086824797 -0.040952407 0.023735555 -0.998878062 4.389766216
-0.998653650 0.032157622 0.040686142 0.254989147 0.033111602 0.999185383 0.022993675 0.091723070 -0.039913323 0.024309948 -0.998906314 3.920076132
-0.998703480 0.031984586 0.039583985 0.276094824 0.032933936 0.999177873 0.023566887 0.094802558 -0.038797408 0.024840038 -0.998937249 3.454967022
-0.998693049 0.033341125 0.038717937 0.292017132 0.034271948 0.999131382 0.023630418 0.097363688 -0.037896182 0.024926523 -0.998969734 2.988310099
-0.998678863 0.035034992 0.037570897 0.306978762 0.035974827 0.999047220 0.024636453 0.097627573 -0.036671702 0.025955563 -0.998989224 2.529474974
-0.998704314 0.036517240 0.035422344 0.323256850 0.037387609 0.999005318 0.024226973 0.102512777 -0.034502145 0.025519989 -0.999077737 2.070012093
-0.998767853 0.036272645 0.033848990 0.338493466 0.037064131 0.999045134 0.023054654 0.105545789 -0.032980151 0.024280878 -0.999160051 1.617324352
-0.998856604 0.034905963 0.032645192 0.355783552 0.035606623 0.999140620 0.021132359 0.108630046 -0.031879228 0.022270627 -0.999242604 1.168355942
-0.998992920 0.032855231 0.030533582 0.373556733 0.033438012 0.999262631 0.018774757 0.110519193 -0.029893950 0.019776873 -0.999356449 0.725087285
-0.999038815 0.033205595 0.028590878 0.386463791 0.033735733 0.999262094 0.018262541 0.111206882 -0.027963091 0.019209560 -0.999423385 0.285690606
-0.999038339 0.034834828 0.026600458 0.396237999 0.035338905 0.999198258 0.018719507 0.115424588 -0.025926765 0.019641573 -0.999469876 -0.157600462
-0.999000669 0.037453756 0.024363257 0.401297420 0.037930671 0.999089956 0.019415474 0.117063619 -0.023613624 0.020320224 -0.999513626 -0.592069387
-0.999025166 0.038643226 0.021310003 0.407900453 0.039053876 0.999050736 0.019201649 0.120020784 -0.020547481 0.020015208 -0.999587476 -1.023341417
-0.999171853 0.037070464 0.016733656 0.417643696 0.037366584 0.999142230 0.017742956 0.119342394 -0.016061276 0.018353580 -0.999701500 -1.451550245
-0.999415457 0.032307584 0.011113299 0.427308619 0.032497872 0.999318659 0.017388122 0.117895596 -0.010543663 0.017739154 -0.999786019 -1.878187895
