1403636579.763556 0.000000000 0.000000000 0.000000000 0.000000000 0.000000000 0.000000000 1.000000000
1403636579.763556 -0.000789026 0.014718194 0.004786033 -0.000722178 0.002735029 0.001268592 0.999995172
1403636579.763556 -0.001390983 0.031995486 0.009154895 -0.002398301 0.004947990 -0.001202253 0.999984145
1403636579.763556 -0.003961386 0.054198891 0.004585373 -0.004913236 0.006878313 -0.006633486 0.999942303
1403636579.763556 -0.004962822 0.071042813 -0.005314010 -0.005561908 0.007135634 -0.013896192 0.999862552
1403636579.763556 -0.005354321 0.094554342 -0.005853795 -0.003946101 0.007037859 -0.019409563 0.999779046
1403636579.763556 -0.006008694 0.104535893 -0.007850636 -0.003987423 0.007591949 -0.025163664 0.999646544
1403636579.763556 -0.006671869 0.128731877 -0.010665603 -0.002220875 0.007451290 -0.027997512 0.999577761
1403636579.763556 -0.005804684 0.134164020 -0.018108143 -0.002525410 0.007269079 -0.032799911 0.999432325
1403636579.763556 -0.005084455 0.141085967 -0.038013086 -0.004554384 0.007307925 -0.037889019 0.999244869
1403636579.763556 -0.007402400 0.159123302 -0.052331869 -0.005703440 0.007736793 -0.041253444 0.999102473
1403636579.763556 -0.003307065 0.185097352 -0.063932627 -0.008697028 0.007456288 -0.044808451 0.998929918
1403636579.763556 -0.001849568 0.200414032 -0.074527159 -0.009976216 0.006437401 -0.051196385 0.998618066
1403636579.763556 -0.008898668 0.217519224 -0.081144668 -0.011163929 0.007332352 -0.058809519 0.998179853
1403636579.763556 -0.009633287 0.232402965 -0.085671812 -0.011096992 0.006736026 -0.067433551 0.997639358
1403636579.763556 -0.010178189 0.237717628 -0.087869838 -0.011058654 0.006544153 -0.076284476 0.997003317
1403636579.763556 -0.006524547 0.236275241 -0.084382050 -0.009877895 0.004546198 -0.082714051 0.996514022
1403636579.763556 -0.009770460 0.226116374 -0.079956278 -0.009685954 0.003510450 -0.085019581 0.996326029
1403636579.763556 -0.056494076 0.228898838 -0.199706346 -0.008591010 0.009222572 -0.084288470 0.996361673
1403636579.763556 -0.065507375 0.192295462 -0.166665003 -0.007083234 0.010087618 -0.080404684 0.996686101
1403636579.763556 -0.073599637 0.161031723 -0.145804971 -0.008733788 0.012821451 -0.074405037 0.997107446
1403636579.763556 -0.085599445 0.120024286 -0.128455088 -0.011590254 0.017530588 -0.067859896 0.997473478
1403636579.763556 -0.089198589 0.086692050 -0.121801786 -0.014735156 0.022787947 -0.059520386 0.997858167
1403636579.763556 -0.091108538 0.062683702 -0.100400090 -0.016580006 0.027809804 -0.049784787 0.998235047
1403636579.763556 -0.091279335 0.043909319 -0.071919687 -0.019075805 0.030090518 -0.039329570 0.998590946
1403636579.763556 -0.092932619 0.029075101 -0.047599182 -0.020117173 0.030366080 -0.029325599 0.998906016
1403636579.763556 -0.091983855 0.005112672 -0.034531333 -0.019569362 0.029334744 -0.021265127 0.999151826
1403636579.763556 -0.093155950 -0.026834792 -0.038457554 -0.018794468 0.029894767 -0.014498645 0.999271154
1403636579.763556 -0.094129719 -0.055376880 -0.042440534 -0.016136384 0.030518798 -0.006313526 0.999383986
1403636579.763556 -0.095109962 -0.080543362 -0.046921689 -0.014839453 0.031372309 0.001990907 0.999395609
1403636579.763556 -0.094119467 -0.101109423 -0.049109239 -0.012388784 0.031248093 0.011037748 0.999373913
1403636579.763556 -0.094614372 -0.117218181 -0.054946758 -0.013441046 0.031140136 0.018509662 0.999253273
1403636579.763556 -0.095218688 -0.123103023 -0.055834945 -0.013631489 0.031822916 0.024080671 0.999110460
1403636579.763556 -0.091989145 -0.119543150 -0.054356448 -0.019149484 0.033165410 0.025707325 0.998935699
1403636579.763556 -0.096218452 -0.113129050 -0.056449074 -0.022570137 0.035045449 0.022987496 0.998866320
1403636579.763556 -0.094647773 -0.095284022 -0.053902552 -0.025091317 0.036298428 0.017614964 0.998870671
1403636579.763556 -0.093379915 -0.073679306 -0.051336847 -0.023997609 0.037096322 0.011274830 0.998959899
1403636579.763556 -0.091318570 -0.046735384 -0.043570239 -0.022566175 0.036149718 0.004774807 0.999080181
1403636579.763556 -0.089836836 -0.018331759 -0.041066013 -0.020425176 0.035684433 -0.000322968 0.999154329
1403636579.763556 -0.132548109 0.021296039 -0.050818458 -0.021476744 0.040345855 -0.003900524 0.998947322
1403636579.763556 -0.132248998 0.043340243 -0.060563162 -0.020709544 0.039573569 -0.006751493 0.998979211
1403636579.763556 -0.131337568 0.075897366 -0.058217589 -0.020862598 0.036684312 -0.008484545 0.999073088
1403636579.763556 -0.123047978 0.114183195 -0.061113290 -0.020927494 0.034903146 -0.010731084 0.999113917
1403636579.763556 -0.123794407 0.141026944 -0.059764504 -0.019107806 0.033478215 -0.016022863 0.999128342
1403636579.763556 -0.125946954 0.165576294 -0.073246226 -0.018643618 0.036254678 -0.024142779 0.998876929
1403636579.763556 -0.126613542 0.190779001 -0.084953204 -0.017734259 0.038591601 -0.033120900 0.998548567
1403636579.763556 -0.158716664 0.215531841 -0.141358644 -0.024147101 0.045264717 -0.044341106 0.997698307
1403636579.763556 -0.151584551 0.256203681 -0.239423260 -0.026456328 0.044126011 -0.054117776 0.997208238
1403636579.763556 -0.156766295 0.264192373 -0.237022430 -0.026579952 0.043277670 -0.062345315 0.996761560
1403636579.763556 -0.163959026 0.267632633 -0.230051547 -0.027213467 0.042563520 -0.068602212 0.996364176
1403636579.763556 -0.178957567 0.268280178 -0.229347229 -0.027349744 0.043311574 -0.072116494 0.996079981
1403636579.763556 -0.179548740 0.265894741 -0.226329759 -0.026689049 0.041563105 -0.072078772 0.996175110
1403636579.763556 -0.181572691 0.260242760 -0.219372660 -0.025096362 0.040263779 -0.067597307 0.996583998
1403636579.763556 -0.210971147 0.258454710 -0.244455516 -0.022048144 0.041944791 -0.059044823 0.997130036
1403636579.763556 -0.211216524 0.240593001 -0.234020680 -0.020461258 0.041106351 -0.049401540 0.997722983
1403636579.763556 -0.212149352 0.219706401 -0.223125204 -0.021196341 0.042051051 -0.041195069 0.998040795
1403636579.763556 -0.215286434 0.206345901 -0.202429116 -0.020847594 0.043307614 -0.033645377 0.998277426
1403636579.763556 -0.214817598 0.177708536 -0.202747732 -0.022900470 0.045882203 -0.030250788 0.998226106
1403636579.763556 -0.216246948 0.146518514 -0.195486769 -0.023731926 0.048939392 -0.027132034 0.998151124
1403636579.763556 -0.215752825 0.113474391 -0.197609127 -0.022892660 0.049951375 -0.025016375 0.998175800
1403636579.763556 -0.215988308 0.088767298 -0.192165732 -0.019820929 0.051907595 -0.020754827 0.998239458
1403636579.763556 -0.215499923 0.060969286 -0.192601681 -0.017717445 0.055267796 -0.015257324 0.998197794
1403636579.763556 -0.212146252 0.036186270 -0.188398570 -0.015093341 0.059525020 -0.007475249 0.998084724
1403636579.763556 -0.209380046 0.022902794 -0.177017108 -0.012384574 0.062658831 0.002696621 0.997954547
1403636579.763556 -0.208348811 -0.002256801 -0.183400005 -0.012278236 0.064378299 0.011381380 0.997785151
1403636579.763556 -0.205456108 -0.016258378 -0.180721819 -0.011894811 0.065829180 0.020330846 0.997552872
1403636579.763556 -0.204994202 -0.029290212 -0.183949798 -0.013008939 0.065590620 0.025770139 0.997428954
1403636579.763556 -0.204549149 -0.034240156 -0.184285626 -0.014242002 0.066601411 0.028098984 0.997282267
1403636579.763556 -0.203988597 -0.032216769 -0.185416758 -0.016635187 0.068722770 0.028036604 0.997103035
1403636579.763556 -0.203853056 -0.022393709 -0.186060280 -0.019253474 0.069442458 0.026544612 0.997046888
1403636579.763556 -0.203539953 -0.006865475 -0.182198256 -0.019972956 0.068668865 0.024425047 0.997140467
1403636579.763556 -0.202423230 0.013283687 -0.177286476 -0.019758051 0.067710854 0.022182563 0.997262657
1403636579.763556 -0.198710054 0.039798342 -0.172204256 -0.020185944 0.066578366 0.019800244 0.997380495
1403636579.763556 -0.196573287 0.067864314 -0.164590791 -0.019469736 0.064477511 0.017395340 0.997577548
1403636579.763556 -0.193769604 0.102924079 -0.160397962 -0.021007802 0.062143024 0.014084185 0.997746766
1403636579.763556 -0.191993281 0.134249628 -0.156188160 -0.021096988 0.060581937 0.010421832 0.997885883
1403636579.763556 -0.188840911 0.167114824 -0.147142246 -0.022766359 0.060308047 0.006170289 0.997901082
1403636579.763556 -0.187453464 0.199570239 -0.137594223 -0.024259152 0.062911347 0.000517900 0.997724116
1403636579.763556 -0.189798161 0.233080193 -0.131394535 -0.015507736 0.060626321 -0.007513029 0.998011827
1403636579.763556 -0.192915201 0.256254256 -0.136498183 -0.011383343 0.059407245 -0.019070337 0.997986734
1403636579.763556 -0.191526800 0.273907542 -0.189497650 -0.006454739 0.056637473 -0.033921495 0.997797549
1403636579.763556 -0.191450819 0.295461893 -0.195169166 -0.002612419 0.056163356 -0.045209050 0.997394085
1403636579.763556 -0.187212572 0.334006459 -0.208071843 -0.001655842 0.055374596 -0.051918358 0.997113526
1403636579.763556 -0.180785090 0.350742698 -0.208327129 -0.005685123 0.055575922 -0.058066480 0.996748388
1403636579.763556 -0.180865064 0.361608058 -0.209900498 -0.009632733 0.054496568 -0.062075246 0.996536016
1403636579.763556 -0.181838274 0.368154615 -0.216901436 -0.011814994 0.051811047 -0.064316809 0.996513605
1403636579.763556 -0.187806353 0.378113121 -0.229109511 -0.011504440 0.048123583 -0.064158842 0.996712327
1403636579.763556 -0.175438046 0.376287192 -0.227121636 -0.012018813 0.045011681 -0.063900284 0.996868253
1403636579.763556 -0.176843151 0.367139280 -0.222554982 -0.012111443 0.042950545 -0.063742809 0.996968150
1403636579.763556 -0.163062349 0.335209906 -0.140329033 -0.009298202 0.039828051 -0.061836418 0.997247994
1403636579.763556 -0.167099923 0.334990025 -0.127049997 -0.006299349 0.038819127 -0.056828942 0.997609079
1403636579.763556 -0.189516276 0.320303261 -0.094866961 -0.003766418 0.041225985 -0.052014988 0.997787893
1403636579.763556 -0.188458100 0.297093302 -0.096217811 -0.004526488 0.041981541 -0.049273785 0.997892380
1403636579.763556 -0.186778903 0.263669908 -0.096128181 -0.007825840 0.045675669 -0.047251936 0.997807503
1403636579.763556 -0.185826942 0.246900320 -0.077265225 -0.011235111 0.049632356 -0.041476611 0.997842729
1403636579.763556 -0.185893208 0.209737927 -0.077552564 -0.012614654 0.051724117 -0.036693450 0.997907341
1403636579.763556 -0.217889443 0.196580440 -0.067217380 -0.012024391 0.057487600 -0.027245209 0.997901976
1403636579.763556 -0.217162758 0.179912284 -0.041084990 -0.012655342 0.060885802 -0.015559058 0.997943223
1403636579.763556 -0.217518821 0.151065543 -0.039225951 -0.011597322 0.064865530 -0.004300272 0.997817338
1403636579.763556 -0.214148954 0.132476032 -0.031390190 -0.012131113 0.067939125 0.008340182 0.997580886
1403636579.763556 -0.214313716 0.102802798 -0.037993498 -0.011876632 0.071861580 0.018399848 0.997174144
1403636579.763556 -0.214015543 0.078040160 -0.043427426 -0.012143388 0.073699541 0.026956817 0.996842146
1403636579.763556 -0.223449275 0.069928050 -0.046071328 -0.008780581 0.075472333 0.036037628 0.996457815
1403636579.763556 -0.225604877 0.053891152 -0.050949458 -0.007039976 0.075085945 0.041062646 0.996306419
1403636579.763556 -0.227532476 0.043375708 -0.053752806 -0.003921479 0.076055877 0.043654263 0.996139765
1403636579.763556 -0.229051381 0.042225786 -0.054877967 -0.007540745 0.077570759 0.043550026 0.996006668
1403636579.763556 -0.229279757 0.043065161 -0.056685854 -0.006309984 0.079255134 0.041702334 0.995961726
1403636579.763556 -0.228531390 0.052015148 -0.054086566 -0.005902450 0.079411596 0.039385036 0.996046066
1403636579.763556 -0.229336455 0.062757105 -0.055340216 -0.005525620 0.082047142 0.036014467 0.995962203
1403636579.763556 -0.229800269 0.072504684 -0.058454186 -0.006249476 0.085066289 0.031626347 0.995853662
1403636579.763556 -0.227369845 0.094328836 -0.051103473 -0.009237909 0.088202201 0.028032618 0.995665193
1403636579.763556 -0.221213832 0.113052264 -0.037576258 -0.012753281 0.090677455 0.024537651 0.995496273
1403636579.763556 -0.219469309 0.130776584 -0.040214945 -0.016675003 0.091692120 0.020268820 0.995441496
1403636579.763556 -0.217407599 0.154532880 -0.035948079 -0.018828530 0.092233635 0.016267901 0.995426476
1403636579.763556 -0.216025144 0.180555031 -0.030793102 -0.020686146 0.089059390 0.011639006 0.995743454
1403636579.763556 -0.214699119 0.205582738 -0.025776492 -0.021848883 0.086450785 0.005987671 0.995998561
1403636579.763556 -0.216166824 0.223131388 -0.034168106 -0.022084946 0.080540419 -0.000781631 0.996506333
1403636579.763556 -0.219098806 0.237343773 -0.048166230 -0.021004608 0.073930986 -0.008196910 0.997008443
1403636579.763556 -0.218961522 0.255208403 -0.049788836 -0.018602811 0.067477949 -0.014944019 0.997435391
1403636579.763556 -0.222793475 0.268137574 -0.059535548 -0.015789596 0.061494246 -0.022501701 0.997728825
1403636579.763556 -0.223746926 0.275545806 -0.064187750 -0.012406813 0.057480477 -0.030634543 0.997799397
1403636579.763556 -0.225286737 0.282317698 -0.071895741 -0.007944892 0.052997638 -0.038587350 0.997817218
1403636579.763556 -0.227050141 0.287312150 -0.078424782 -0.004205672 0.049589854 -0.047659822 0.997623026
1403636579.763556 -0.229096293 0.289502144 -0.086463846 -0.000679659 0.047124043 -0.056943804 0.997264385
1403636579.763556 -0.230062559 0.290567964 -0.092399769 0.002075195 0.047477663 -0.067607783 0.996579528
1403636579.763556 -0.230522767 0.291282386 -0.098931380 0.004913235 0.050628725 -0.079554826 0.995531857
1403636579.763556 -0.230707154 0.291098028 -0.102271840 0.005768388 0.057388760 -0.092011958 0.994086087
1403636579.763556 -0.234597251 0.287673742 -0.107424073 0.004303736 0.065128371 -0.103587717 0.992476404
1403636579.763556 -0.236568466 0.286537826 -0.111197449 0.007377936 0.070238285 -0.112903491 0.991092801
1403636579.763556 -0.239875883 0.284781516 -0.117914006 0.010119327 0.072552398 -0.121523984 0.989881635
1403636579.763556 -0.242428243 0.284091473 -0.122843951 0.012050387 0.073212884 -0.130886585 0.988616884
1403636579.763556 -0.246070310 0.282860130 -0.132744908 0.015286109 0.074145339 -0.140787944 0.987141132
1403636579.763556 -0.247366399 0.282840073 -0.139333785 0.017938940 0.074913993 -0.151068717 0.985517323
1403636579.763556 -0.249047473 0.284014136 -0.147142112 0.021187203 0.075509548 -0.161087140 0.983819306
1403636579.763556 -0.250509679 0.285249770 -0.156367913 0.021630570 0.075705148 -0.170800880 0.982154727
1403636579.763556 -0.250444263 0.286419719 -0.164343238 0.020855455 0.075643614 -0.179305792 0.980659246
1403636579.763556 -0.249088004 0.286098868 -0.170713067 0.020178929 0.074290998 -0.186009854 0.979527473
1403636579.763556 -0.246344313 0.285549581 -0.174337938 0.019503001 0.073035188 -0.189586312 0.978949726
1403636579.763556 -0.240733132 0.284964234 -0.174047053 0.019339960 0.073127761 -0.189623013 0.978938937
1403636579.763556 -0.235543758 0.284943014 -0.172326356 0.017570918 0.072429366 -0.186781302 0.979570329
1403636579.763556 -0.231038466 0.283653170 -0.171534121 0.018013543 0.070267662 -0.182781905 0.980473757
1403636579.763556 -0.225748926 0.283004075 -0.168527886 0.017421875 0.068590045 -0.178254008 0.981436372
1403636579.763556 -0.222357795 0.283358395 -0.165019512 0.014712385 0.068089195 -0.174322471 0.982221544
1403636579.763556 -0.220812455 0.287092149 -0.161938965 0.010480289 0.067076385 -0.170057178 0.983092844
1403636579.763556 -0.219239384 0.286942214 -0.159449786 0.009204782 0.064850360 -0.167841882 0.983635545
1403636579.763556 -0.217341363 0.286637813 -0.154791534 0.006013744 0.062396321 -0.166715473 0.984010398
1403636579.763556 -0.216367111 0.285807103 -0.152119160 0.004788830 0.061010007 -0.167409644 0.983986259
1403636579.763556 -0.215057999 0.285482705 -0.149267495 0.002410695 0.060072239 -0.169625118 0.983673155
1403636579.763556 -0.211852580 0.285076678 -0.146121413 0.000701241 0.059686515 -0.171930656 0.983298957
1403636579.763556 -0.206320986 0.284921229 -0.141439363 -0.000366211 0.058864862 -0.173197836 0.983126342
1403636579.763556 -0.198483855 0.287847638 -0.129664019 -0.004541278 0.060636271 -0.173403144 0.982972026
1403636579.763556 -0.190774620 0.286793739 -0.127234578 -0.003548448 0.061257165 -0.173912793 0.982847571
1403636579.763556 -0.180900097 0.285497129 -0.124656662 -0.002663260 0.062469237 -0.174530417 0.982664585
1403636579.763556 -0.168382257 0.284312248 -0.121302173 -0.002100177 0.063345082 -0.175168425 0.982496321
1403636579.763556 -0.156453431 0.283903748 -0.118576087 -0.001331630 0.065037362 -0.175739586 0.982285082
1403636579.763556 -0.143960759 0.283278972 -0.116598807 -0.000366211 0.067003369 -0.176255494 0.982061327
1403636579.763556 -0.128063604 0.281525731 -0.114964396 0.001687045 0.068061955 -0.176636934 0.981918633
1403636579.763556 -0.119432032 0.285907805 -0.113196820 -0.007598815 0.076609798 -0.173701897 0.981784523
1403636579.763556 -0.102482416 0.283269048 -0.114560671 -0.007405152 0.079390951 -0.171174362 0.982008934
1403636579.763556 -0.083291933 0.281214058 -0.114349410 -0.009038975 0.083025582 -0.166861326 0.982436955
1403636579.763556 -0.065045901 0.277319312 -0.113159180 -0.006268521 0.086512893 -0.162670180 0.982860446
1403636579.763556 -0.046071388 0.273865253 -0.112435959 -0.004539637 0.090143286 -0.159648180 0.983039200
1403636579.763556 -0.039916735 0.274627119 -0.115243278 -0.016824016 0.102117121 -0.158049762 0.981992543
1403636579.763556 -0.023066770 0.272730321 -0.116243877 -0.017078504 0.106179982 -0.159137279 0.981381416
1403636579.763556 -0.006949291 0.271989018 -0.114932939 -0.018797243 0.112052567 -0.162617818 0.980125666
1403636579.763556 0.008429237 0.271127611 -0.117721811 -0.021799037 0.118692584 -0.168225601 0.978333771
1403636579.763556 0.014675394 0.272578180 -0.118190214 -0.026092798 0.128416345 -0.172624171 0.976232171
1403636579.763556 0.026330229 0.272664130 -0.118477955 -0.026743431 0.130395263 -0.176003173 0.975348532
1403636579.763556 0.034271590 0.273288548 -0.116239808 -0.036090516 0.134798020 -0.178680912 0.973961055
1403636579.763556 0.039900083 0.273693711 -0.112424150 -0.046057083 0.138090342 -0.179960415 0.972843289
1403636579.763556 0.045026269 0.274330795 -0.111123800 -0.050262146 0.139222994 -0.179429159 0.972571790
1403636579.763556 0.049284078 0.274315596 -0.109978139 -0.051716484 0.138659045 -0.178077504 0.972824514
1403636579.763556 0.051401149 0.274816632 -0.110089384 -0.052992158 0.137298033 -0.176493347 0.973237514
1403636579.763556 0.051901024 0.275432497 -0.110201292 -0.052020717 0.136620998 -0.174981520 0.973658085
1403636579.763556 0.050699346 0.275927961 -0.111762248 -0.050348345 0.136140794 -0.174549580 0.973890781
1403636579.763556 0.047635604 0.276658803 -0.113900214 -0.050011896 0.137352273 -0.174921602 0.973671198
1403636579.763556 0.044306476 0.275582761 -0.118087009 -0.044785172 0.135882914 -0.174685702 0.974174082
1403636579.763556 0.039347801 0.274823129 -0.121804595 -0.036265362 0.132235005 -0.173920169 0.975166917
1403636579.763556 0.033447634 0.273316860 -0.128616869 -0.026923079 0.127057031 -0.173419833 0.976246536
1403636579.763556 0.026557233 0.272655338 -0.134810820 -0.014768994 0.120394133 -0.173708498 0.977298558
1403636579.763556 0.019876519 0.270355940 -0.148103505 0.000322968 0.111530989 -0.175460190 0.978148520
1403636579.763556 0.007927907 0.272677183 -0.150342584 0.007224871 0.106679954 -0.176340774 0.978504539
1403636579.763556 0.003903231 0.271853417 -0.154991046 0.023116779 0.095061429 -0.177265391 0.979288518
1403636579.763556 -0.013388788 0.273485482 -0.154396400 0.025482014 0.091293171 -0.176775560 0.979676783
1403636579.763556 -0.031443853 0.272074521 -0.154052541 0.028917784 0.088005245 -0.177130923 0.979818106
1403636579.763556 -0.033902761 0.264990687 -0.158000439 0.046874840 0.072346307 -0.177790493 0.980285347
1403636579.763556 -0.052561626 0.264308453 -0.157807842 0.046177279 0.067817286 -0.175121680 0.981122255
1403636579.763556 -0.065572657 0.260385424 -0.152629465 0.053626534 0.059460402 -0.173416436 0.981588244
1403636579.763556 -0.078156546 0.255847335 -0.151298627 0.062286370 0.050667711 -0.171749726 0.981863141
1403636579.763556 -0.101540230 0.252328515 -0.156670377 0.061807130 0.048386216 -0.170552582 0.982217133
1403636579.763556 -0.123391286 0.249926478 -0.155883089 0.062537067 0.045035012 -0.170657396 0.982312083
1403636579.763556 -0.125188142 0.243459538 -0.146386504 0.079402961 0.031410284 -0.173055500 0.981203496
1403636579.763556 -0.150331557 0.240358248 -0.149414554 0.079689197 0.027881511 -0.175512284 0.980850518
1403636579.763556 -0.173610970 0.238031387 -0.155200064 0.078430533 0.024864618 -0.177384004 0.980696321
1403636579.763556 -0.197224557 0.235701606 -0.157194108 0.077607058 0.023020208 -0.177887186 0.980715752
1403636579.763556 -0.218451023 0.229960218 -0.163417578 0.085236646 0.019764464 -0.177737698 0.980180323
1403636579.763556 -0.245143339 0.227038071 -0.168620080 0.084887601 0.018283673 -0.176578254 0.980448902
1403636579.763556 -0.267401189 0.224092469 -0.174826562 0.085395403 0.016399274 -0.175577089 0.980617881
1403636579.763556 -0.287731826 0.221472085 -0.181213766 0.086740822 0.013102531 -0.174426705 0.980754673
1403636579.763556 -0.304373085 0.222614229 -0.190323099 0.100940347 0.006058182 -0.173330709 0.979658544
1403636579.763556 -0.320615768 0.219781712 -0.197094068 0.115781173 -0.002471736 -0.173571631 0.977988541
1403636579.763556 -0.347409248 0.215836927 -0.207165033 0.116224207 -0.006104736 -0.175587744 0.977560043
1403636579.763556 -0.348715067 0.208711058 -0.212351501 0.131417692 -0.018393772 -0.179470971 0.974772394
1403636579.763556 -0.367677689 0.207370788 -0.227669671 0.135560006 -0.024750791 -0.182126090 0.973571241
1403636579.763556 -0.386572868 0.203209743 -0.235776812 0.136212423 -0.029513258 -0.184009403 0.972993195
1403636579.763556 -0.401499271 0.202999875 -0.238514334 0.150989696 -0.037910450 -0.182664812 0.970772147
1403636579.763556 -0.428019404 0.202112630 -0.235057652 0.155561179 -0.040080171 -0.178898588 0.970664561
1403636579.763556 -0.445870340 0.197106823 -0.242870495 0.159633160 -0.042747971 -0.174934462 0.970612049
1403636579.763556 -0.456688613 0.193277627 -0.246775791 0.161503822 -0.044813771 -0.171265692 0.970863700
1403636579.763556 -0.463739216 0.186989099 -0.253437191 0.163673222 -0.045884479 -0.169484526 0.970762968
1403636579.763556 -0.465101242 0.185494527 -0.256289095 0.163011417 -0.045760579 -0.168953702 0.970972717
1403636579.763556 -0.462360173 0.186337218 -0.256851137 0.161108464 -0.044923536 -0.169788018 0.971183836
1403636579.763556 -0.455029577 0.189429015 -0.256270289 0.160218298 -0.042941865 -0.170775235 0.971247613
1403636579.763556 -0.443729579 0.193936929 -0.253776371 0.155942902 -0.039707016 -0.171731934 0.971912205
1403636579.763556 -0.428524554 0.201418817 -0.245633826 0.153204173 -0.035485946 -0.171607032 0.972532928
1403636579.763556 -0.415375561 0.206299484 -0.240037307 0.148724839 -0.030806255 -0.170765340 0.973535419
1403636579.763556 -0.397786975 0.211297393 -0.236214623 0.146463931 -0.026601247 -0.169451535 0.974231422
1403636579.763556 -0.381812721 0.217490852 -0.235754430 0.143026099 -0.022053886 -0.167998016 0.975107074
1403636579.763556 -0.378639817 0.221263170 -0.241166994 0.124649629 -0.010724834 -0.168186352 0.977783620
1403636579.763556 -0.371185631 0.224955320 -0.236673400 0.104868703 0.000000000 -0.169335365 0.979963303
1403636579.763556 -0.367042691 0.227012038 -0.238955230 0.092440359 0.011016804 -0.171078265 0.980849445
1403636579.763556 -0.353821725 0.232359871 -0.233328536 0.086547248 0.016338736 -0.173529938 0.980882227
1403636579.763556 -0.330176175 0.236595258 -0.230478853 0.088530697 0.017477384 -0.176485866 0.980157971
1403636579.763556 -0.300173402 0.244957507 -0.221636698 0.083107390 0.021119930 -0.178745389 0.980151653
1403636579.763556 -0.271779835 0.251656592 -0.209908485 0.080314294 0.023081945 -0.179429501 0.980215311
1403636579.763556 -0.247374892 0.257307947 -0.205733925 0.078172475 0.024330914 -0.179097250 0.980418921
1403636579.763556 -0.223214522 0.259473413 -0.204563573 0.071867183 0.025500135 -0.178788051 0.980928004
1403636579.763556 -0.197657302 0.264595866 -0.200451881 0.068253905 0.025834532 -0.177819893 0.981353223
1403636579.763556 -0.176179811 0.267075539 -0.194211230 0.068601996 0.027003212 -0.177664861 0.981325567
1403636579.763556 -0.157430902 0.268720537 -0.195066825 0.069285519 0.028088642 -0.178264081 0.981138349
1403636579.763556 -0.138794243 0.271218002 -0.195989847 0.069662914 0.029588899 -0.179396123 0.980861187
1403636579.763556 -0.122287348 0.275525749 -0.195074171 0.067759693 0.032336652 -0.180521116 0.980701327
1403636579.763556 -0.108298063 0.281925857 -0.191869885 0.062462319 0.037460472 -0.180972725 0.980787456
1403636579.763556 -0.097983338 0.285630435 -0.190827802 0.062332045 0.040640984 -0.181344360 0.980600476
1403636579.763556 -0.089420512 0.289554268 -0.192528740 0.061671130 0.042892564 -0.181196645 0.980573714
1403636579.763556 -0.079789653 0.293356985 -0.190094516 0.060745161 0.046074711 -0.180194139 0.980671823
1403636579.763556 -0.070607811 0.296536475 -0.185868338 0.060984842 0.052356068 -0.176796928 0.980960011
1403636579.763556 -0.065042786 0.299215943 -0.180766135 0.060150325 0.062486172 -0.170954406 0.981454015
1403636579.763556 -0.058202438 0.301956803 -0.173453897 0.058654625 0.070057727 -0.161727369 0.982596457
1403636579.763556 -0.053759214 0.303049266 -0.169599697 0.056686517 0.076219402 -0.151791498 0.983837724
1403636579.763556 -0.050931673 0.302634150 -0.167125672 0.054561332 0.082917288 -0.141872063 0.984896004
1403636579.763556 -0.047575109 0.301523119 -0.163776293 0.053742141 0.089427233 -0.131448418 0.985817373
1403636579.763556 -0.043611798 0.300067335 -0.151740327 0.051712882 0.095371291 -0.122856781 0.986476719
1403636579.763556 -0.040225111 0.298170865 -0.147186831 0.052638356 0.100527406 -0.117527023 0.986565173
1403636579.763556 -0.036783952 0.296614617 -0.142562747 0.055841133 0.104515865 -0.117055826 0.986030519
1403636579.763556 -0.031463288 0.295286983 -0.132384926 0.056996644 0.109213106 -0.120639883 0.985022843
1403636579.763556 -0.027670056 0.293112159 -0.130276009 0.058618285 0.115022689 -0.124454319 0.983791053
1403636579.763556 -0.020216472 0.291244417 -0.115779750 0.062177062 0.120916300 -0.127815366 0.982433975
1403636579.763556 -0.012729096 0.290324330 -0.087752089 0.060511056 0.127934992 -0.131170049 0.981206119
1403636579.763556 -0.004196136 0.288455009 -0.073023081 0.062643960 0.131434247 -0.135603532 0.980006337
1403636579.763556 0.004693131 0.287576228 -0.043407112 0.059786048 0.134965941 -0.139451861 0.979164422
1403636579.763556 0.010330448 0.284541547 -0.022707252 0.059752513 0.135361448 -0.143245488 0.978564084
1403636579.763556 0.014954790 0.280309618 -0.005856799 0.062349856 0.133509934 -0.146446675 0.978182495
1403636579.763556 0.022017647 0.277561843 0.035947859 0.064309396 0.129047543 -0.147792727 0.978452027
1403636579.763556 0.023028221 0.272252500 0.058443937 0.064633675 0.123575747 -0.147769392 0.979140341
1403636579.763556 0.019522872 0.265770525 0.071478210 0.062255621 0.116590314 -0.145273164 0.980523646
1403636579.763556 0.013504810 0.259211659 0.086365864 0.058588028 0.109288521 -0.140914559 0.982225299
1403636579.763556 0.009591181 0.255655855 0.112306871 0.058975887 0.098803468 -0.134408742 0.984222591
1403636579.763556 0.013355970 0.259395659 0.167757943 0.067667708 0.085037895 -0.125699833 0.986097991
1403636579.763556 0.010564301 0.268878818 0.230294064 0.078477822 0.070186712 -0.117580645 0.987466395
1403636579.763556 -0.002909027 0.264156342 0.242113918 0.073609620 0.058814082 -0.116366632 0.988727152
1403636579.763556 -0.021141594 0.256029636 0.249649093 0.075867556 0.043903586 -0.116338581 0.989334106
1403636579.763556 -0.042211846 0.252788693 0.265861303 0.073393606 0.028593393 -0.117061362 0.989996195
1403636579.763556 -0.067790337 0.248579636 0.268593431 0.069919877 0.014000886 -0.119417660 0.990280092
1403636579.763556 -0.094076738 0.246451288 0.271288157 0.066421069 -0.000517901 -0.121878155 0.990320027
1403636579.763556 -0.109432064 0.243314818 0.250451744 0.067197353 -0.018624825 -0.125151485 0.989684165
1403636579.763556 -0.142601669 0.239925012 0.227219895 0.076984957 -0.036010534 -0.128278062 0.988089740
1403636579.763556 -0.176071689 0.241182283 0.226791978 0.071832024 -0.048735723 -0.128781974 0.987866521
1403636579.763556 -0.177009165 0.238252431 0.185699016 0.092486292 -0.072180413 -0.132282436 0.984244704
1403636579.763556 -0.195270598 0.230950177 0.129499704 0.098634399 -0.086482830 -0.134220958 0.982230484
1403636579.763556 -0.220384270 0.227360889 0.086849436 0.102252230 -0.098755337 -0.134760588 0.980628073
1403636579.763556 -0.251206279 0.224203154 0.041827373 0.103707403 -0.105774403 -0.136984915 0.979434371
1403636579.763556 -0.285177290 0.223810956 0.000108853 0.103888862 -0.108235896 -0.139565021 0.978781760
1403636579.763556 -0.304854512 0.229140326 -0.021855626 0.103797890 -0.110921286 -0.141236454 0.978250861
1403636579.763556 -0.291345984 0.235716298 -0.107539549 0.116928332 -0.117954612 -0.146435499 0.975177526
1403636579.763556 -0.281509429 0.245549828 -0.177750692 0.121548511 -0.118210338 -0.151125625 0.973865211
1403636579.763556 -0.282673210 0.258531451 -0.224400952 0.126597568 -0.115877070 -0.155045256 0.972885668
1403636579.763556 -0.285351485 0.269490212 -0.249028221 0.130137146 -0.110101402 -0.159275934 0.972405910
1403636579.763556 -0.283750325 0.279071212 -0.268167526 0.135787696 -0.103570104 -0.164746866 0.971438885
1403636579.763556 -0.278989047 0.295284837 -0.295787662 0.139048800 -0.093235515 -0.170006648 0.971118093
1403636579.763556 -0.267632812 0.305764467 -0.312222123 0.144303381 -0.080339700 -0.175219595 0.970577240
1403636579.763556 -0.246476859 0.307807595 -0.341406912 0.137389913 -0.061157957 -0.181046575 0.971908331
1403636579.763556 -0.261571050 0.247791857 -0.357268840 0.135864362 -0.023507649 -0.208314091 0.968294144
1403636579.763556 -0.239911184 0.256602168 -0.371237934 0.142985716 -0.003854407 -0.205391094 0.968170822
1403636579.763556 -0.217820644 0.265839875 -0.383652508 0.145927280 0.018052792 -0.201384231 0.968412995
1403636579.763556 -0.205469996 0.273774207 -0.400041670 0.144334510 0.044492409 -0.196708158 0.968758941
1403636579.763556 -0.180479422 0.282684892 -0.405330837 0.144854873 0.068030410 -0.193773583 0.967905343
1403636579.763556 -0.155841544 0.287605464 -0.410919398 0.149724364 0.087431073 -0.192101032 0.965937734
1403636579.763556 -0.134790316 0.290474385 -0.422187656 0.153128251 0.106557183 -0.192860484 0.963328719
1403636579.763556 -0.109782122 0.294355333 -0.419993758 0.155864909 0.122674346 -0.193999603 0.960739970
1403636579.763556 -0.083026573 0.298278689 -0.415570885 0.156798705 0.135706246 -0.195002556 0.958630323
1403636579.763556 -0.055105571 0.300366879 -0.405471146 0.157612503 0.146213859 -0.195863724 0.956774414
1403636579.763556 -0.023638379 0.303956389 -0.384562910 0.153364733 0.155511886 -0.195666164 0.956038773
1403636579.763556 0.003400428 0.306116164 -0.363550633 0.148760840 0.163324520 -0.192891330 0.956027329
1403636579.763556 0.033216283 0.303434074 -0.346255422 0.141880631 0.167504713 -0.190244660 0.956879854
1403636579.763556 0.055249736 0.314352691 -0.295877278 0.119997971 0.178590655 -0.181660235 0.959533989
1403636579.763556 0.077138491 0.309416801 -0.272952169 0.119599879 0.179837406 -0.175854936 0.960431933
1403636579.763556 0.095208943 0.310153246 -0.235613018 0.114125565 0.180767059 -0.168787017 0.962190032
1403636579.763556 0.114077158 0.308899730 -0.174022660 0.112956077 0.181484655 -0.163717493 0.963068426
1403636579.763556 0.121651761 0.299462765 -0.129670799 0.111665718 0.179116756 -0.161290273 0.964071274
