0.000000 0.000000000 0.000000000 0.000000000 0.000000000 0.000000000 0.000000000 1.000000000
0.000000 -0.030071700 -0.022175094 0.899783552 -0.000863167 0.001098633 0.002082363 0.999996841
0.000000 -0.055801526 -0.030996643 1.804111719 0.000000000 0.001826981 0.002379589 0.999995530
0.000000 -0.049006533 -0.037075769 2.758476973 0.000921611 0.001773174 0.000322968 0.999997973
0.000000 -0.114470690 -0.059137471 3.172273874 0.001232850 0.002748616 -0.003402676 0.999989688
0.000000 -0.180349216 -0.043589637 4.083101273 0.003588120 0.002812920 -0.003268659 0.999984264
0.000000 -0.225635409 -0.033440739 4.953448296 0.004773246 0.003049315 -0.001818807 0.999982297
0.000000 -0.413399071 0.001157373 5.779290199 0.005803156 0.005733408 0.000299010 0.999966681
0.000000 -0.444705725 -0.014789196 6.553354740 0.005472781 0.005996374 0.000000000 0.999967039
0.000000 -0.373666078 -0.045290317 7.345823288 0.004890436 0.004741925 -0.001274452 0.999976039
0.000000 -0.392126411 0.022786852 8.121465683 0.004846053 0.005064079 0.000322968 0.999975383
0.000000 -0.309736758 -0.015614845 8.956411362 0.005524272 0.002947436 -0.001469921 0.999979317
0.000000 -0.339734077 -0.050017089 9.656593323 0.005332112 0.003461291 -0.002707651 0.999976158
0.000000 -0.357892007 -0.096236691 10.330236435 0.004026470 0.003439698 -0.003343033 0.999980390
0.000000 -0.353481889 -0.099157870 11.233236313 0.004126988 0.003049315 -0.002724111 0.999983132
0.000000 -0.364275843 -0.111329488 11.848751068 0.003887130 0.002666056 -0.001979648 0.999986947
0.000000 -0.399479926 -0.116627455 12.619771957 0.004281172 0.002385842 -0.001474981 0.999986887
0.000000 -0.414323866 -0.133267835 13.349768639 0.002942376 0.001726335 -0.001280284 0.999993384
0.000000 -0.408102930 -0.136889860 14.127099037 0.003491296 0.000968903 -0.000657369 0.999993265
0.000000 -0.410618097 -0.140111819 14.936422348 0.002947436 0.000000000 -0.000722178 0.999995410
0.000000 -0.415428579 -0.138062507 15.830987930 0.003173828 -0.000742525 -0.001214584 0.999993980
0.000000 -0.428056777 -0.139386207 16.695007324 0.002911831 -0.001375663 -0.001964536 0.999992907
0.000000 -0.429011256 -0.153062209 17.516952515 0.003398294 -0.002273918 -0.002682771 0.999988019
0.000000 -0.445194244 -0.163603172 18.386486053 0.003428851 -0.002860199 -0.002796982 0.999986172
0.000000 -0.451980591 -0.201789692 19.328336716 0.002977615 -0.003565206 -0.002575076 0.999985933
0.000000 -0.455074877 -0.202353969 20.165843964 0.003140791 -0.004195029 -0.002927143 0.999981999
0.000000 -0.495531142 -0.214095086 21.017021179 0.003059073 -0.004228640 -0.004150391 0.999977767
0.000000 -0.499539971 -0.209744483 21.849929810 0.003199547 -0.004646696 -0.005525620 0.999968827
0.000000 -0.513439417 -0.202134937 22.684467316 0.003185544 -0.004885864 -0.006305260 0.999963105
0.000000 -0.539466202 -0.187516734 23.507869720 0.002710401 -0.004788830 -0.005506711 0.999969721
0.000000 -0.554025710 -0.177944034 24.325038910 0.001605584 -0.005177566 -0.004032018 0.999977171
0.000000 -0.562216759 -0.173772559 25.096694946 0.001490058 -0.005621865 -0.003185544 0.999978065
0.000000 -0.577438653 -0.164260775 25.909748077 0.001105394 -0.006098631 -0.002899009 0.999976575
0.000000 -0.597432375 -0.156539634 26.729761124 0.000921611 -0.006621119 -0.002560569 0.999974370
0.000000 -0.612333775 -0.161667183 27.480617523 0.000722178 -0.007703981 -0.002325752 0.999967337
0.000000 -0.626881897 -0.153966680 28.251791000 0.000559396 -0.008754238 -0.002138845 0.999959230
0.000000 -0.647269964 -0.148523673 29.005233765 0.000456745 -0.009721274 -0.002668849 0.999949098
0.000000 -0.660506725 -0.159951389 29.680606842 -0.000404861 -0.010751201 -0.004006064 0.999934137
0.000000 -0.676079571 -0.151335597 30.437751770 -0.000752492 -0.011913587 -0.004669090 0.999917865
0.000000 -0.688792586 -0.142855152 31.158645630 -0.001042969 -0.013087736 -0.004757611 0.999902487
0.000000 -0.714514911 -0.135335833 31.858148575 -0.002429169 -0.014168574 -0.004270717 0.999887586
0.000000 -0.735752821 -0.122825131 32.577980042 -0.003076075 -0.015075066 -0.003740614 0.999874651
0.000000 -0.760425210 -0.123566657 33.284873962 -0.003257242 -0.015946889 -0.004424944 0.999857783
0.000000 -0.788410306 -0.124014407 33.933738708 -0.004307197 -0.016434673 -0.005448222 0.999840856
0.000000 -0.825701833 -0.121602155 34.599693298 -0.006047103 -0.016171899 -0.005658851 0.999834955
0.000000 -0.855232656 -0.119461872 35.256423950 -0.007943955 -0.015593019 -0.004633851 0.999836147
0.000000 -0.890601158 -0.121192023 35.859077454 -0.009474418 -0.014389289 -0.003051758 0.999846935
0.000000 -0.913030386 -0.112048462 36.487651825 -0.010170735 -0.013239425 -0.002016932 0.999858618
0.000000 -0.926954746 -0.126379624 37.088661194 -0.009668247 -0.011586396 -0.002710401 0.999882519
0.000000 -0.954810858 -0.125562966 37.706008911 -0.012208862 -0.009834050 -0.004099818 0.999868691
0.000000 -0.972432375 -0.130052403 38.302200317 -0.014329621 -0.007905409 -0.005937689 0.999848485
0.000000 -0.994142771 -0.131105766 38.838279724 -0.017145991 -0.005556546 -0.006438558 0.999816835
0.000000 -1.007429361 -0.123214632 39.419601440 -0.019129630 -0.002804962 -0.006519058 0.999791861
0.000000 -1.002292514 -0.145458609 39.915420532 -0.021096632 -0.000000000 -0.008002824 0.999745429
0.000000 -1.012248516 -0.146195903 40.432678223 -0.024032045 0.003231983 -0.008781429 0.999667406
0.000000 -1.010623574 -0.139219642 40.967563629 -0.025781125 0.006800971 -0.008616124 0.999607384
0.000000 -1.005711317 -0.136173919 41.452590942 -0.027735224 0.010489527 -0.008702166 0.999522388
0.000000 -0.989730835 -0.159385532 41.843986511 -0.030334411 0.013748500 -0.008986067 0.999404848
0.000000 -0.984869063 -0.157219917 42.297546387 -0.033137538 0.017659741 -0.007803912 0.999264300
0.000000 -0.967114687 -0.153590187 42.737899780 -0.034108553 0.021669116 -0.006325316 0.999163210
0.000000 -0.944641948 -0.159066588 43.113609314 -0.034311965 0.025519412 -0.006473180 0.999064326
0.000000 -0.915254474 -0.174453512 43.455738068 -0.033776440 0.029380679 -0.007552592 0.998968899
0.000000 -0.857767344 -0.145948499 43.908142090 -0.035185695 0.032969832 -0.007530858 0.998808444
0.000000 -1.174288988 -0.457208127 43.155876160 -0.036384530 0.040858559 -0.012812732 0.998420060
0.000000 -1.329035044 -0.532535613 43.165691376 -0.039291851 0.047784720 -0.014394466 0.997980773
0.000000 -1.296973586 -0.529722035 43.465293884 -0.041199591 0.052213427 -0.014637752 0.997678339
0.000000 -1.265917778 -0.513915479 43.768779755 -0.041663371 0.057251241 -0.014798730 0.997380316
0.000000 -1.263655543 -0.518701553 44.004573822 -0.041208632 0.063090280 -0.014144889 0.997056365
0.000000 -1.216493845 -0.513953507 44.267261505 -0.040497918 0.069022313 -0.011930461 0.996721387
0.000000 -1.205278039 -0.509264946 44.728786469 -0.040121973 0.076455206 -0.009924550 0.996216059
0.000000 -1.225278735 -0.399993658 45.305599213 -0.039829548 0.086629517 -0.005777422 0.995427370
0.000000 -1.099665403 -0.392320514 45.567886353 -0.037871514 0.092113197 -0.005030126 0.995015383
0.000000 -1.113086820 -0.341849893 45.983074188 -0.039466299 0.102955513 -0.003704588 0.993895829
0.000000 -1.054963708 -0.315605968 46.340518951 -0.040095221 0.112744801 -0.002982615 0.992810190
0.000000 -0.982536912 -0.321246743 46.565872192 -0.039591074 0.122550450 -0.003044425 0.991667628
0.000000 -0.904809117 -0.323775381 46.794361115 -0.039767019 0.132777780 -0.002677211 0.990344167
0.000000 -0.826266050 -0.330535412 47.010612488 -0.040680926 0.143478379 -0.002027984 0.988814890
0.000000 -0.708125114 -0.304922551 47.346088409 -0.041293520 0.155110449 -0.000921611 0.987033308
0.000000 -0.612626433 -0.312118948 47.573066711 -0.042031202 0.167700976 -0.000845728 0.984941125
0.000000 -0.503961086 -0.317346066 47.812458038 -0.043491308 0.180944815 -0.000999189 0.982530653
0.000000 -0.394425690 -0.326194793 48.036308289 -0.044750385 0.195180550 -0.001105394 0.979745269
0.000000 -0.271248877 -0.335489571 48.262321472 -0.045258794 0.210171327 -0.000961183 0.976615965
0.000000 -0.133927554 -0.346215665 48.477321625 -0.044400379 0.226101831 -0.000000000 0.973091245
0.000000 0.017951787 -0.354714721 48.694255829 -0.042923644 0.243418574 0.001202253 0.968970358
0.000000 0.176749960 -0.364504516 48.902450562 -0.042338517 0.261808962 0.003143162 0.964185476
0.000000 0.342411697 -0.374977648 49.109333038 -0.043165106 0.280907303 0.005194806 0.958749652
0.000000 0.495758325 -0.398691624 49.276382446 -0.043663308 0.300599426 0.006692749 0.952727020
0.000000 0.663570583 -0.412845492 49.463153839 -0.045660824 0.321392417 0.007447290 0.945815265
0.000000 0.875209033 -0.431834996 49.674812317 -0.047642626 0.342696607 0.007647684 0.938206196
0.000000 1.068388939 -0.462257564 49.871631622 -0.050967827 0.364779025 0.006931186 0.929672241
0.000000 1.321179509 -0.481074184 50.079715729 -0.051690400 0.387483358 0.007374906 0.920396864
0.000000 1.612103462 -0.502199471 50.290233612 -0.050899811 0.411086619 0.007607636 0.910142422
0.000000 1.911710978 -0.511854887 50.496349335 -0.050420955 0.434969634 0.008416658 0.898993015
0.000000 2.227078199 -0.540391147 50.727684021 -0.050331026 0.459830344 0.008771243 0.886535883
0.000000 2.581237316 -0.560682476 50.906360626 -0.049722042 0.484699488 0.010484554 0.873203397
0.000000 2.947772980 -0.597020209 51.067668915 -0.048989601 0.509367228 0.010906694 0.859084427
0.000000 3.337788820 -0.624262393 51.215488434 -0.048340924 0.532980442 0.010641143 0.844678521
0.000000 3.760658503 -0.660845518 51.356666565 -0.048010118 0.556037068 0.009277345 0.829717934
0.000000 4.208333492 -0.687571943 51.492095947 -0.049378913 0.578309059 0.007636959 0.814286232
0.000000 4.670742035 -0.713447690 51.601562500 -0.049432900 0.599380851 0.008800075 0.798887730
0.000000 5.105009556 -0.740661144 51.688613892 -0.045357626 0.619315147 0.012466721 0.783732176
0.000000 5.613265514 -0.776614189 51.751361847 -0.040422052 0.637440920 0.015238757 0.769287348
0.000000 6.143297672 -0.802766740 51.799724579 -0.037106965 0.653914690 0.019020263 0.755418360
0.000000 6.652855873 -0.832796097 51.822895050 -0.036296781 0.667894125 0.021191420 0.743068635
0.000000 7.211987019 -0.874687374 51.839801788 -0.033212323 0.679864943 0.025088938 0.732155144
0.000000 7.761463165 -0.924162269 51.844264984 -0.030638432 0.690508604 0.026822155 0.722177088
0.000000 8.268307686 -0.967367828 51.825489044 -0.027370440 0.699485481 0.028654560 0.713547349
0.000000 8.677935600 -1.066777468 51.815593719 -0.027104834 0.706772983 0.027433794 0.706388533
0.000000 9.151231766 -1.104575992 51.780994415 -0.026948802 0.712303281 0.028622299 0.700770020
0.000000 9.553924561 -1.163269162 51.761898041 -0.027377516 0.717175484 0.027257238 0.695820987
0.000000 10.096794128 -1.206840992 51.741157532 -0.027749460 0.721236110 0.027465550 0.691588163
0.000000 10.690863609 -1.247645259 51.711311340 -0.027829355 0.724517345 0.029546311 0.688060462
0.000000 11.323401451 -1.284462333 51.667400360 -0.027241929 0.726715028 0.031774651 0.685662925
0.000000 11.888450623 -1.303709745 51.587570190 -0.026814101 0.727841914 0.031608909 0.684491158
0.000000 12.540723801 -1.350961685 51.560413361 -0.026765710 0.729162931 0.029583359 0.683176398
0.000000 13.215527534 -1.398069620 51.532005310 -0.025227536 0.730206728 0.026216146 0.682256877
0.000000 13.707429886 -1.466612935 51.530590057 -0.022893962 0.731143713 0.023752322 0.681425393
0.000000 14.333370209 -1.511856675 51.506942749 -0.022864003 0.731705248 0.022866284 0.680853784
0.000000 14.809776306 -1.644132972 51.505271912 -0.021382872 0.732125640 0.023661181 0.680422664
0.000000 15.490592003 -1.685936689 51.467021942 -0.023834053 0.732028127 0.026202215 0.680352986
0.000000 16.209844589 -1.727998137 51.415866852 -0.026455203 0.731196642 0.029015269 0.681035757
0.000000 16.605915070 -1.366140962 51.168800354 -0.028103758 0.728902698 0.032697760 0.683258295
0.000000 17.252555847 -1.311737180 50.996021271 -0.025599867 0.726924658 0.033646710 0.685414612
0.000000 17.922613144 -1.366330504 50.964233398 -0.023399642 0.726155519 0.031206818 0.686423242
0.000000 18.498830795 -1.439144373 50.959877014 -0.023961255 0.725548565 0.028830569 0.687149167
0.000000 19.200576782 -1.492923737 50.921710968 -0.023446081 0.724391460 0.033108972 0.688194096
0.000000 19.909940720 -1.542582631 50.884746552 -0.025074385 0.723254383 0.035576537 0.689208806
0.000000 20.478887558 -1.555336833 50.880882263 -0.027912494 0.722544849 0.033682786 0.689938724
0.000000 21.154672623 -1.631958961 50.882041931 -0.028301891 0.721612632 0.030302711 0.691054225
0.000000 21.809110641 -1.693783522 50.866966248 -0.026285967 0.720313787 0.029584114 0.692518592
0.000000 22.468891144 -1.755995274 50.824596405 -0.024904139 0.719060600 0.031716678 0.693776429
0.000000 23.197437286 -1.808421612 50.809791565 -0.026864069 0.718145311 0.033197515 0.694581628
0.000000 23.878761292 -1.868218899 50.777099609 -0.028100310 0.716535747 0.032360837 0.696232498
0.000000 24.521825790 -1.954337478 50.791095734 -0.028166253 0.715593100 0.031311929 0.697246552
0.000000 25.222223282 -2.003976822 50.804058075 -0.026277743 0.714826107 0.031234976 0.698109925
0.000000 25.880136490 -2.073201418 50.781112671 -0.024497233 0.713644683 0.033065509 0.699298084
0.000000 26.563190460 -2.116308928 50.789333344 -0.024570422 0.712653041 0.033842109 0.700268984
0.000000 27.235986710 -2.172270775 50.818550110 -0.024794701 0.712206900 0.033553131 0.700728714
0.000000 27.863668442 -2.237411976 50.821899414 -0.023929207 0.711131573 0.033191007 0.701867282
0.000000 28.571249008 -2.298915148 50.814132690 -0.022922259 0.709892631 0.033502467 0.703139246
0.000000 29.321996689 -2.351140261 50.828018188 -0.024018401 0.709023714 0.032782871 0.704012752
0.000000 30.034057617 -2.386264086 50.832759857 -0.025868541 0.707952440 0.032412369 0.705041587
0.000000 30.710403442 -2.453089476 50.834236145 -0.025101408 0.707046449 0.032908760 0.705954850
0.000000 31.411262512 -2.519577742 50.830802917 -0.025436362 0.705972433 0.032058746 0.707056046
0.000000 32.196624756 -2.584438801 50.839000702 -0.026038488 0.705167115 0.031704459 0.707853258
0.000000 32.894435883 -2.646718025 50.850746155 -0.027075404 0.704323411 0.030578066 0.708703339
0.000000 33.600471497 -2.713565588 50.852813721 -0.028309524 0.703180313 0.030822452 0.709778845
0.000000 34.330245972 -2.771862030 50.884304047 -0.030261129 0.702107251 0.031453189 0.710732222
0.000000 35.004234314 -2.825436115 50.895298004 -0.031040924 0.700839221 0.032486763 0.711902678
0.000000 35.701450348 -2.881620407 50.912330627 -0.033844531 0.699641287 0.031272165 0.713006735
0.000000 36.423568726 -2.930480957 50.938205719 -0.035058204 0.698878646 0.029918186 0.713753819
0.000000 37.168304443 -3.033092260 50.947410583 -0.035079025 0.697444558 0.030887408 0.715112925
0.000000 37.956851959 -3.100201130 50.968563080 -0.035820723 0.695871770 0.031138938 0.716595948
0.000000 38.683944702 -3.155174494 50.997219086 -0.037660226 0.694518209 0.029909717 0.717866004
0.000000 39.491580963 -3.218942642 51.029720306 -0.037593696 0.693107367 0.028783757 0.719277799
0.000000 40.251121521 -3.287153959 51.065502167 -0.037126638 0.691315532 0.029089127 0.721011937
0.000000 41.051788330 -3.348824739 51.130245209 -0.039877217 0.689571559 0.029156923 0.722530782
0.000000 41.808650970 -3.423767090 51.172187805 -0.043414321 0.687093318 0.031544961 0.724584639
0.000000 42.541660309 -3.491619349 51.276905060 -0.046587378 0.685104072 0.031658836 0.726264238
0.000000 43.345829010 -3.543036699 51.344081879 -0.048981387 0.682241321 0.031987548 0.728782892
0.000000 44.123851776 -3.602647066 51.451118469 -0.050912980 0.680217564 0.029297639 0.730652869
0.000000 44.891544342 -3.701785803 51.526870728 -0.050290599 0.677694559 0.028197978 0.733079672
0.000000 45.642284393 -3.791299105 51.609878540 -0.049420089 0.675282598 0.026354751 0.735429466
0.000000 46.412353516 -3.861337185 51.717723846 -0.048263647 0.672849476 0.023545021 0.737827837
0.000000 47.215190887 -3.935201883 51.783439636 -0.046697598 0.670161366 0.019687789 0.740483224
0.000000 48.006549835 -4.009900570 51.873249054 -0.045561343 0.667326570 0.018796450 0.743132651
0.000000 48.803436279 -4.091778278 51.969184875 -0.046586901 0.664862335 0.018767094 0.745275497
0.000000 49.520114899 -4.147284031 51.998100281 -0.048754521 0.662270427 0.021236727 0.747375369
0.000000 50.282932281 -4.219683647 52.083576202 -0.050291933 0.660052598 0.022042397 0.749209881
0.000000 51.006267548 -4.310176849 52.162254333 -0.051307011 0.657742083 0.022480169 0.751157522
0.000000 51.784225464 -4.386423588 52.272781372 -0.051739100 0.655611098 0.021264777 0.753023922
0.000000 52.538177490 -4.464185238 52.392124176 -0.049630404 0.653859735 0.021374160 0.754683673
0.000000 53.277091980 -4.533441067 52.497875214 -0.046973601 0.652234197 0.019166984 0.756317854
0.000000 54.008373260 -4.601264000 52.628246307 -0.045327388 0.651181221 0.016103106 0.757396281
0.000000 54.697864532 -4.666428089 52.750865936 -0.045567721 0.650048137 0.013068937 0.758412957
0.000000 55.450176239 -4.724440098 52.884944916 -0.046073582 0.648877800 0.012430811 0.759394765
0.000000 56.168296814 -4.783489704 53.022048950 -0.048395455 0.648441195 0.011506382 0.759637833
0.000000 56.856048584 -4.837738037 53.145198822 -0.051138576 0.647693753 0.011563867 0.760094643
0.000000 57.538501740 -4.871417522 53.278835297 -0.054365572 0.647332311 0.011879141 0.760173798
0.000000 58.239364624 -4.923468590 53.411239624 -0.057295859 0.646822512 0.013059813 0.760373175
0.000000 58.925895691 -4.987051010 53.538326263 -0.057873692 0.646492004 0.013850006 0.760596514
0.000000 59.597377777 -5.047983646 53.655925751 -0.058418266 0.645830452 0.012986009 0.761131883
0.000000 60.257232666 -5.080038548 53.778480530 -0.058025274 0.646005988 0.012421817 0.761022389
0.000000 60.903411865 -5.142390728 53.896606445 -0.057515979 0.646053076 0.011057307 0.761042178
0.000000 61.547382355 -5.199408531 54.022521973 -0.057681032 0.646679699 0.010295963 0.760507882
0.000000 62.185241699 -5.259518147 54.129150391 -0.057733711 0.647307217 0.009792292 0.759976625
0.000000 62.807495117 -5.318459988 54.235767365 -0.058356758 0.647884011 0.009590098 0.759439826
0.000000 63.425876617 -5.369335651 54.344860077 -0.060000259 0.648809433 0.010375259 0.758510768
0.000000 64.034690857 -5.427673817 54.438617706 -0.060561765 0.649513900 0.012723452 0.757827282
0.000000 64.634124756 -5.484750748 54.530040741 -0.060074225 0.650164008 0.013731690 0.757290840
0.000000 65.205871582 -5.521669388 54.614082336 -0.059790660 0.650909245 0.013401631 0.756678760
0.000000 65.805374146 -5.573863029 54.706863403 -0.058868021 0.651885867 0.012336955 0.755927980
0.000000 66.326042175 -5.644210815 54.781742096 -0.057269584 0.652821779 0.010760206 0.755266905
0.000000 66.901329041 -5.699841022 54.868347168 -0.055775046 0.653632522 0.011881649 0.754660487
0.000000 67.484985352 -5.752281666 54.950313568 -0.055010527 0.654368103 0.014050289 0.754041731
0.000000 67.994041443 -5.812235355 55.014656067 -0.054001458 0.655304611 0.016514270 0.753251016
0.000000 68.520034790 -5.838776588 55.090236664 -0.055358853 0.655957818 0.017290948 0.752566099
0.000000 69.027465820 -5.901128292 55.162826538 -0.056204200 0.656388521 0.018052792 0.752109885
0.000000 69.598159790 -5.951322556 55.240737915 -0.055291791 0.656880975 0.018245328 0.751742959
0.000000 70.109008789 -6.015588760 55.302169800 -0.052631702 0.656660318 0.019814534 0.752086759
0.000000 70.620735168 -6.086301327 55.369422913 -0.050031707 0.655938089 0.020845449 0.752866209
0.000000 71.105590820 -6.143165112 55.438438416 -0.048616637 0.655228734 0.021618167 0.753554523
0.000000 71.663749695 -6.164772511 55.506950378 -0.049536940 0.653307140 0.021267228 0.755171239
0.000000 72.226669312 -6.214056492 55.603279114 -0.049880922 0.651124418 0.021302581 0.757030427
0.000000 72.732177734 -6.270463943 55.698680878 -0.048523217 0.648618758 0.021583330 0.759258449
0.000000 73.290138245 -6.300366879 55.827957153 -0.049586248 0.646008730 0.021111812 0.761425138
0.000000 73.851432800 -6.351615906 55.940288544 -0.048858181 0.642673254 0.020423718 0.764308155
0.000000 74.435523987 -6.407346725 56.058959961 -0.049552884 0.638978243 0.019032795 0.767391145
0.000000 74.961265564 -6.471668243 56.180740356 -0.048979107 0.635298669 0.018624825 0.770486712
0.000000 75.527954102 -6.536492348 56.297115326 -0.050959643 0.631022215 0.018281637 0.773873389
0.000000 76.139595032 -6.578415871 56.461585999 -0.052726179 0.627246737 0.018068057 0.776823699
0.000000 76.722099304 -6.644709587 56.612327576 -0.054732714 0.622741759 0.017192423 0.780321360
0.000000 77.347816467 -6.700191021 56.770351410 -0.055366926 0.618446112 0.017521236 0.783678472
0.000000 77.974517822 -6.760438919 56.934020996 -0.056118503 0.614218593 0.016680364 0.786961317
0.000000 78.610374451 -6.806508064 57.134525299 -0.056342557 0.610200584 0.016753456 0.790063381
0.000000 79.217567444 -6.872998238 57.310585022 -0.057425227 0.605856359 0.015209393 0.793353081
0.000000 79.910438538 -6.913652897 57.513412476 -0.055801891 0.601589739 0.013913338 0.796732306
0.000000 80.558334351 -6.967627048 57.693893433 -0.052207291 0.597169816 0.012833068 0.800311148
0.000000 81.259216309 -7.027807713 57.873779297 -0.046360690 0.591054678 0.014139094 0.805173993
0.000000 81.929351807 -7.081945419 58.101100922 -0.045310125 0.586650848 0.012513844 0.808474600
0.000000 82.530334473 -7.144761562 58.276523590 -0.042624049 0.582586586 0.013957715 0.811530292
0.000000 83.259048462 -7.190500259 58.519908905 -0.038782645 0.578849137 0.014725546 0.814378798
0.000000 83.984886169 -7.238244534 58.713859558 -0.032077793 0.574435592 0.015272942 0.817778409
0.000000 84.789161682 -7.335000515 58.918216705 -0.024603149 0.568376005 0.017542485 0.822213888
0.000000 85.391281128 -7.377932549 59.268035889 -0.020372216 0.564675987 0.020645406 0.824802876
0.000000 86.147193909 -7.418587208 59.570098877 -0.021141788 0.560946167 0.024965692 0.827205598
0.000000 86.848701477 -7.462291718 59.903633118 -0.020407295 0.557623565 0.029170973 0.829330206
0.000000 87.560600281 -7.510233879 60.184402466 -0.020284252 0.554711759 0.030154580 0.831248522
0.000000 88.267654419 -7.561447144 60.496795654 -0.022826822 0.552567065 0.027761269 0.832693160
0.000000 88.936965942 -7.614553928 60.798091888 -0.025558503 0.550516546 0.026661118 0.834006906
0.000000 89.571846008 -7.686482906 61.084484100 -0.025662072 0.548966289 0.027909556 0.834984124
0.000000 90.257385254 -7.740423679 61.393226624 -0.027808197 0.546958745 0.028552452 0.836210251
0.000000 90.942504883 -7.795329571 61.712001801 -0.029607274 0.545315206 0.028609021 0.837219417
0.000000 91.607086182 -7.857021809 62.023323059 -0.029356578 0.543534815 0.027385408 0.838425994
0.000000 92.319526672 -7.905258656 62.359642029 -0.027983138 0.541703343 0.026772110 0.839677155
0.000000 92.926490784 -7.963983536 62.628513336 -0.027096860 0.540013134 0.025392972 0.840836942
0.000000 93.501792908 -8.026673317 62.902961731 -0.027254231 0.538288474 0.024181632 0.841972649
0.000000 94.141128540 -8.074731827 63.212425232 -0.028414864 0.536499500 0.024217347 0.843074381
0.000000 94.746070862 -8.123624802 63.502380371 -0.028366841 0.535204530 0.024889477 0.843879163
0.000000 95.305824280 -8.167744637 63.760314941 -0.026928613 0.534140110 0.025189115 0.844591498
0.000000 95.892761230 -8.221813202 64.041885376 -0.026012724 0.533429861 0.025548009 0.845058203
0.000000 96.485939026 -8.271743774 64.333862305 -0.026463371 0.532530963 0.024749286 0.845634699
0.000000 97.058227539 -8.313745499 64.609329224 -0.025881208 0.531645536 0.025253512 0.846194685
0.000000 97.641456604 -8.352270126 64.890869141 -0.026420260 0.530251563 0.026131604 0.847025692
0.000000 98.199653625 -8.390283585 65.144226074 -0.025100222 0.528524160 0.028434262 0.848070562
0.000000 98.738899231 -8.444158554 65.392700195 -0.023874033 0.526859879 0.029051710 0.849120021
0.000000 99.289047241 -8.482246399 65.662033081 -0.022134818 0.525243402 0.029894518 0.850138664
0.000000 99.821807861 -8.522382736 65.927932739 -0.021100163 0.523552358 0.030319670 0.851192355
0.000000 100.314918518 -8.558168411 66.179718018 -0.020637827 0.521956682 0.030721487 0.852168739
0.000000 100.836578369 -8.589721680 66.469657898 -0.020667769 0.520750701 0.031054361 0.852893412
0.000000 101.315994263 -8.642001152 66.730964661 -0.019513695 0.519220829 0.031675775 0.853829980
0.000000 101.815536499 -8.679998398 66.984596252 -0.019889973 0.517097831 0.032340344 0.855083883
0.000000 102.305007935 -8.691671371 67.255249023 -0.019651048 0.515177310 0.034226961 0.856174529
0.000000 102.766273499 -8.731829643 67.526657104 -0.021026589 0.512907684 0.035202630 0.857463956
0.000000 103.241233826 -8.776460648 67.791122437 -0.023805901 0.510193288 0.036623128 0.858949840
0.000000 103.612449646 -8.847264290 67.964401245 -0.026828267 0.506594121 0.037210830 0.860963404
0.000000 104.055068970 -8.896778107 68.204399109 -0.029717039 0.503076732 0.038062062 0.862891674
0.000000 104.522407532 -8.947463036 68.450813293 -0.031843748 0.499314040 0.038652562 0.864972532
0.000000 105.016082764 -8.995115280 68.751922607 -0.032823525 0.496384591 0.037000798 0.866692483
0.000000 105.501548767 -9.050829887 69.010719299 -0.034027200 0.492881030 0.033486005 0.868786037
0.000000 105.974128723 -9.095120430 69.258857727 -0.034721870 0.489197820 0.029426290 0.870984495
0.000000 106.457931519 -9.140295029 69.557380676 -0.035694037 0.485864997 0.025514156 0.872931957
0.000000 106.961479187 -9.180334091 69.887237549 -0.035743684 0.482673109 0.023445448 0.874756813
0.000000 107.405799866 -9.221127510 70.090286255 -0.037906911 0.478333861 0.022829760 0.877062500
0.000000 107.934776306 -9.265695572 70.480529785 -0.040251933 0.475455165 0.022870192 0.878521025
0.000000 108.431022644 -9.300106049 70.693283081 -0.042253613 0.470609516 0.023152526 0.881025136
0.000000 108.953643799 -9.345670700 71.037124634 -0.043224957 0.466752738 0.023311915 0.883023262
0.000000 109.458168030 -9.376749039 71.358146667 -0.044130232 0.462667108 0.022636063 0.885143638
0.000000 109.947418213 -9.443138123 71.678871155 -0.045792151 0.458281308 0.020508539 0.887389839
0.000000 110.472068787 -9.480332375 72.043205261 -0.044680070 0.453985363 0.019749001 0.889669001
0.000000 111.012313843 -9.521988869 72.482788086 -0.044296388 0.450219184 0.018760344 0.891621292
0.000000 111.568183899 -9.564188004 72.923431396 -0.044638697 0.446005553 0.018552279 0.893723905
0.000000 112.143608093 -9.606932640 73.385482788 -0.046546899 0.441399246 0.017469708 0.895932436
0.000000 112.698623657 -9.655092239 73.835395813 -0.046807241 0.436994910 0.017578973 0.898073196
0.000000 113.312812805 -9.691218376 74.340202332 -0.047573455 0.432943165 0.017299997 0.899998784
0.000000 113.917503357 -9.738947868 74.831321716 -0.047244679 0.429917574 0.016904864 0.901472747
0.000000 114.515327454 -9.790480614 75.310012817 -0.046305533 0.427559257 0.016888550 0.902642608
0.000000 115.126914978 -9.836421967 75.797851562 -0.044345308 0.425274193 0.017616654 0.903805852
0.000000 115.738716125 -9.885518074 76.285453796 -0.041722164 0.423104823 0.018796055 0.904924512
0.000000 116.385276794 -9.930809975 76.836898804 -0.038027596 0.421374261 0.019877980 0.905871153
0.000000 117.018676758 -9.979368210 77.384185791 -0.034707062 0.419492513 0.020072680 0.906872988
0.000000 117.625839233 -10.032992363 77.911048889 -0.031782620 0.417713106 0.020056343 0.907801390
0.000000 118.254524231 -10.087736130 78.442771912 -0.030962335 0.415507734 0.019454807 0.908854306
0.000000 118.893409729 -10.130208969 79.006088257 -0.031736638 0.413701653 0.020060800 0.909637988
0.000000 119.502845764 -10.162070274 79.585006714 -0.034892257 0.411802739 0.019698760 0.910391688
0.000000 120.143417358 -10.206293106 80.179977417 -0.037788402 0.409761101 0.018127339 0.911229551
0.000000 120.808746338 -10.254654884 80.786293030 -0.036749855 0.407997519 0.016219283 0.912098944
0.000000 121.461585999 -10.298420906 81.402763367 -0.036995765 0.405894995 0.012621740 0.913083375
0.000000 122.125244141 -10.338426590 82.018165588 -0.035217233 0.403963119 0.009691337 0.914045751
0.000000 122.786331177 -10.380062103 82.634422302 -0.033480663 0.401292831 0.008480154 0.915298402
0.000000 123.417984009 -10.417634964 83.227859497 -0.031881630 0.398720443 0.009983681 0.916463852
0.000000 124.078010559 -10.451176643 83.838439941 -0.028438715 0.395688772 0.014762940 0.917825520
0.000000 124.742233276 -10.485828400 84.464546204 -0.027637538 0.392258167 0.019655975 0.919229746
0.000000 125.402885437 -10.521481514 85.095741272 -0.027086686 0.388648719 0.022121351 0.920722127
0.000000 126.047630310 -10.574150085 85.743148804 -0.025468562 0.385027111 0.020948136 0.922315955
0.000000 126.651939392 -10.600564957 86.391227722 -0.023172470 0.381855071 0.020637466 0.923701167
0.000000 127.310234070 -10.644276619 87.042015076 -0.021476746 0.378150463 0.022074148 0.925231755
0.000000 127.954544067 -10.650089264 87.730812073 -0.022893310 0.375390798 0.025706744 0.926227212
0.000000 128.581024170 -10.694855690 88.404754639 -0.023685101 0.373108357 0.026408974 0.927109361
0.000000 129.219024658 -10.752113342 89.082374573 -0.022281429 0.370989978 0.026296735 0.927997053
0.000000 129.872955322 -10.811732292 89.782203674 -0.019439865 0.369238615 0.025130481 0.928791344
0.000000 130.509963989 -10.860371590 90.466957092 -0.017645389 0.368555546 0.024438160 0.929116905
0.000000 131.161315918 -10.919612885 91.161399841 -0.015593019 0.368218362 0.023499407 0.929311514
0.000000 131.670501709 -10.975613594 91.733863831 -0.015555226 0.368304700 0.022475859 0.929303229
0.000000 132.290527344 -11.037652016 92.420745850 -0.016419252 0.368760884 0.021117108 0.929139376
0.000000 132.939682007 -11.079684258 93.115882874 -0.017395768 0.369014263 0.021672208 0.929008186
0.000000 133.556182861 -11.123064995 93.779632568 -0.019560982 0.369757265 0.021438202 0.928675056
0.000000 134.156204224 -11.199721336 94.429260254 -0.021844447 0.371162981 0.021036154 0.928072393
0.000000 134.796371460 -11.240621567 95.116249084 -0.023862796 0.372512370 0.020029951 0.927504182
0.000000 135.423706055 -11.282119751 95.773796082 -0.024721574 0.373978227 0.019528579 0.926902235
0.000000 136.081161499 -11.327746391 96.459892273 -0.024596183 0.375316024 0.018526558 0.926385283
0.000000 136.720245361 -11.373474121 97.135780334 -0.024757415 0.377096474 0.016716952 0.925692141
0.000000 137.320327759 -11.434951782 97.830688477 -0.023674717 0.380195141 0.015818825 0.924467921
0.000000 137.965988159 -11.472113609 98.480255127 -0.024789894 0.381874084 0.018281637 0.923700988
0.000000 138.591644287 -11.502501488 99.106826782 -0.029204158 0.383824527 0.021524912 0.922693074
0.000000 139.239349365 -11.548942566 99.766723633 -0.031916194 0.386173099 0.024120860 0.921558380
0.000000 139.889083862 -11.596955299 100.410034180 -0.032311529 0.388625264 0.021862516 0.920569599
0.000000 140.502792358 -11.658854485 101.030349731 -0.032993328 0.391229153 0.018466135 0.919516265
0.000000 141.150360107 -11.703760147 101.657920837 -0.033153947 0.393447340 0.016026117 0.918609381
0.000000 141.794540405 -11.752294540 102.272720337 -0.033028986 0.395436913 0.016247738 0.917755306
0.000000 142.440231323 -11.822909355 102.906372070 -0.032481484 0.397814721 0.015735237 0.916755617
0.000000 143.091384888 -11.874976158 103.519378662 -0.031451292 0.399842858 0.017463310 0.915877461
0.000000 143.703582764 -11.924276352 104.121459961 -0.031198939 0.402625173 0.018741274 0.914641142
0.000000 144.285949707 -12.000051498 104.753189087 -0.031379912 0.406180739 0.020012461 0.913034558
0.000000 144.871780396 -12.069927216 105.302879333 -0.032546338 0.409120858 0.019074244 0.911700130
0.000000 145.584014893 -12.131455421 106.010978699 -0.033568010 0.412145585 0.018724171 0.910306931
0.000000 146.231811523 -12.148183823 106.565658569 -0.032236502 0.414971322 0.019746359 0.909048796
0.000000 146.908157349 -12.194759369 107.147972107 -0.033726990 0.418356746 0.019718796 0.907442153
0.000000 147.582946777 -12.248232841 107.720207214 -0.036945987 0.421802282 0.021486109 0.905679941
0.000000 148.245681763 -12.301914215 108.228164673 -0.039283320 0.424872637 0.022963500 0.904108822
0.000000 148.929702759 -12.353829384 108.794036865 -0.039903179 0.428611130 0.024322644 0.902279735
0.000000 149.650817871 -12.406779289 109.373901367 -0.038728237 0.432646781 0.020529600 0.900497317
0.000000 150.372772217 -12.459467888 109.954483032 -0.039103296 0.436713815 0.014709346 0.898629844
0.000000 151.110900879 -12.511172295 110.529602051 -0.037620042 0.440875232 0.012225937 0.896696329
0.000000 151.810089111 -12.578783989 111.071403503 -0.039627001 0.444956660 0.009419210 0.894625366
0.000000 152.522048950 -12.644167900 111.569961548 -0.039883941 0.449308097 0.010453239 0.892424941
0.000000 153.299728394 -12.692317963 112.129180908 -0.038452536 0.452959120 0.013523385 0.890599012
0.000000 153.988693237 -12.718247414 112.604492188 -0.040796328 0.456494957 0.018963378 0.888587892
0.000000 154.679016113 -12.764414787 113.131629944 -0.040354718 0.460941404 0.021511061 0.886251569
0.000000 155.456558228 -12.830665588 113.671264648 -0.038501333 0.464814901 0.020543385 0.884331822
0.000000 156.193389893 -12.902072906 114.145317078 -0.035738051 0.468816102 0.019196115 0.882363737
0.000000 156.971588135 -12.957718849 114.670249939 -0.035469357 0.472650409 0.018992038 0.880331099
0.000000 157.758087158 -12.999788284 115.200126648 -0.036881402 0.476615280 0.019230241 0.878127515
0.000000 158.377212524 -13.064482689 115.634651184 -0.035079028 0.480384409 0.020119026 0.876125336
0.000000 159.004638672 -13.130816460 116.040519714 -0.032248750 0.483548939 0.019243021 0.874511361
0.000000 159.743225098 -13.182691574 116.513954163 -0.032011531 0.486398607 0.018268997 0.872959316
0.000000 160.403732300 -13.257659912 116.939636230 -0.032344025 0.488971204 0.016145617 0.871550560
0.000000 160.988937378 -13.330576897 117.280357361 -0.032828517 0.491412610 0.016876634 0.870144308
0.000000 161.662353516 -13.400305748 117.672416687 -0.032920081 0.493087500 0.018629625 0.869157016
0.000000 162.401565552 -13.443627357 118.103004456 -0.034669258 0.494328797 0.021711022 0.868312001
0.000000 163.137176514 -13.499566078 118.540039062 -0.036115076 0.495938599 0.021879550 0.867330313
0.000000 163.791473389 -13.575008392 118.928833008 -0.034892686 0.497574002 0.019067604 0.866509736
0.000000 164.511093140 -13.630566597 119.373481750 -0.032968480 0.499181807 0.015764568 0.865726411
0.000000 165.235519409 -13.683712006 119.781074524 -0.030211847 0.500573277 0.015446116 0.865028918
0.000000 165.929306030 -13.731360435 120.149085999 -0.028083602 0.501743793 0.017425723 0.864384651
0.000000 166.633987427 -13.778580666 120.548309326 -0.028328205 0.502808511 0.019447912 0.863714576
0.000000 167.254928589 -13.846085548 120.857673645 -0.030503416 0.503298879 0.021963162 0.863294542
0.000000 167.902999878 -13.906458855 121.219642639 -0.033001907 0.504079580 0.025438117 0.862651467
0.000000 168.590850830 -13.961363792 121.601997375 -0.032312918 0.505231977 0.027977282 0.861924529
0.000000 169.274642944 -14.011949539 121.986824036 -0.030684115 0.506679177 0.024582548 0.861237705
0.000000 169.900070190 -14.069490433 122.325675964 -0.029433377 0.508191824 0.017618768 0.860560477
0.000000 170.575576782 -14.120276451 122.743743896 -0.030897537 0.509956241 0.011990263 0.859561622
0.000000 171.194992065 -14.169512749 123.071907043 -0.030936096 0.510732532 0.013054105 0.859083712
0.000000 171.817352295 -14.207837105 123.403045654 -0.030746698 0.511859477 0.015718183 0.858374894
0.000000 172.411422729 -14.246818542 123.706329346 -0.030482402 0.512966931 0.017619614 0.857686043
0.000000 172.989089966 -14.296232224 123.978149414 -0.029507199 0.513934195 0.017271979 0.857147992
0.000000 173.555587769 -14.344873428 124.288085938 -0.029810162 0.515187800 0.016294446 0.856403828
0.000000 174.162796021 -14.390453339 124.606933594 -0.029343633 0.516222298 0.016109584 0.855800271
0.000000 174.787673950 -14.430724144 124.931510925 -0.028964639 0.517608583 0.017176382 0.854954600
0.000000 175.399520874 -14.472179413 125.245155334 -0.029148491 0.519319832 0.018362558 0.853885353
0.000000 175.999343872 -14.515694618 125.550514221 -0.029662834 0.521302462 0.019210471 0.852639914
0.000000 176.559066772 -14.559204102 125.830062866 -0.030150874 0.523507774 0.020124579 0.851249456
0.000000 177.086822510 -14.610483170 126.088470459 -0.030568562 0.525857925 0.021221638 0.849758089
0.000000 177.685256958 -14.653153419 126.382987976 -0.031135829 0.528470874 0.023159284 0.848064184
0.000000 178.228439331 -14.702620506 126.655769348 -0.032045260 0.531525433 0.024807019 0.846072376
0.000000 178.803421021 -14.760532379 126.923965454 -0.033193704 0.534452260 0.025195030 0.844170749
0.000000 179.366912842 -14.805205345 127.201911926 -0.035248108 0.537507415 0.023814350 0.842185378
0.000000 179.935043335 -14.851860046 127.480155945 -0.037343141 0.540629447 0.022379188 0.840133607
0.000000 180.455642700 -14.905673027 127.706275940 -0.037406135 0.543407619 0.022762103 0.838326216
0.000000 180.977172852 -14.952548981 127.972183228 -0.039618917 0.546980083 0.023059983 0.835889578
0.000000 181.578689575 -15.000478745 128.247619629 -0.042408850 0.550490975 0.023662757 0.833427429
0.000000 182.263656616 -14.985790253 128.545532227 -0.045943543 0.553716600 0.026004702 0.831030011
0.000000 182.897094727 -15.047040939 128.812164307 -0.047349907 0.556880653 0.026334671 0.828823507
0.000000 183.543518066 -15.115027428 129.071838379 -0.048193976 0.560180187 0.027225787 0.826519430
0.000000 184.221237183 -15.178885460 129.337295532 -0.049286634 0.563349605 0.027625944 0.824284434
0.000000 184.918472290 -15.242384911 129.605148315 -0.048622306 0.566616595 0.029333474 0.822022557
0.000000 185.615982056 -15.311449051 129.861770630 -0.047831319 0.569829404 0.029661329 0.819833517
0.000000 186.301376343 -15.378933907 130.113464355 -0.046942662 0.573194563 0.028990094 0.817559779
0.000000 186.986663818 -15.429434776 130.386886597 -0.048021134 0.576887906 0.027002107 0.814963341
0.000000 187.685455322 -15.489007950 130.656112671 -0.047786750 0.580236197 0.024968678 0.812661707
0.000000 188.450332642 -15.553723335 130.914352417 -0.045732237 0.582971632 0.024944793 0.810820818
0.000000 189.188125610 -15.614991188 131.172500610 -0.043983612 0.585307240 0.022226855 0.809312582
0.000000 189.968231201 -15.678107262 131.437011719 -0.042024646 0.587830544 0.020498728 0.807631731
0.000000 190.503540039 -15.712534904 131.674514771 -0.040759239 0.590449691 0.021958750 0.805745423
0.000000 191.290603638 -15.771012306 131.927795410 -0.042562649 0.592444360 0.026841318 0.804038405
0.000000 192.015106201 -15.848836899 132.143020630 -0.044824082 0.594167352 0.033498242 0.802392662
0.000000 192.854629517 -15.924277306 132.389083862 -0.045245789 0.595679522 0.038876284 0.801004052
0.000000 193.590362549 -16.023149490 132.625625610 -0.042390753 0.597823083 0.039078712 0.799552083
0.000000 194.446350098 -16.113119125 132.868347168 -0.037789393 0.599903524 0.038562246 0.798248589
0.000000 195.325012207 -16.201614380 133.116653442 -0.035207074 0.602139950 0.037414901 0.796735883
0.000000 196.180343628 -16.294269562 133.375961304 -0.038102757 0.604115665 0.038624406 0.795047522
0.000000 197.005462646 -16.373718262 133.613723755 -0.042393386 0.605734766 0.040596411 0.793498695
0.000000 197.818328857 -16.454881668 133.865829468 -0.044448011 0.607778251 0.040373728 0.791833282
0.000000 198.358474731 -16.514497757 134.120925903 -0.043926321 0.610831499 0.037082661 0.789670944
0.000000 199.251449585 -16.609298706 134.363327026 -0.043790929 0.613230348 0.034611616 0.787929535
0.000000 200.311279297 -16.687429428 134.647338867 -0.045032863 0.615490496 0.034596976 0.786095798
0.000000 201.176940918 -16.777290344 134.868209839 -0.046878498 0.617556453 0.035601866 0.784320652
0.000000 201.765869141 -16.846727371 135.068283081 -0.045197681 0.619861543 0.037001204 0.782534301
0.000000 202.500900269 -16.928266525 135.319732666 -0.043758929 0.622145653 0.038044441 0.780751288
0.000000 203.439132690 -17.031675339 135.539047241 -0.043163035 0.623787820 0.038127974 0.779469013
0.000000 204.388229370 -17.125772476 135.764114380 -0.043042555 0.625513554 0.038114492 0.778092265
0.000000 205.131393433 -17.251865387 135.954330444 -0.043080270 0.627151310 0.037000194 0.776824534
0.000000 205.845184326 -17.333440781 136.171249390 -0.043839052 0.629046679 0.035521410 0.775317132
0.000000 206.796585083 -17.430658340 136.384048462 -0.044054367 0.630478203 0.033964518 0.774211228
0.000000 207.765487671 -17.502349854 136.632781982 -0.046467282 0.631973743 0.032281544 0.772921741
0.000000 208.622055054 -17.612287521 136.798324585 -0.047254298 0.632460475 0.032767639 0.772455215
0.000000 209.541198730 -17.717861176 136.989715576 -0.048168767 0.633019447 0.032762863 0.771940887
0.000000 210.251007080 -17.851085663 137.180969238 -0.048772857 0.634310424 0.031484913 0.770895720
0.000000 210.921417236 -17.985595703 137.325775146 -0.048419308 0.635185540 0.029860605 0.770261824
0.000000 211.828536987 -18.077100754 137.506378174 -0.046666477 0.635869622 0.028221749 0.769867241
0.000000 212.763656616 -18.174371719 137.687561035 -0.045532063 0.636468947 0.028554540 0.769427538
0.000000 213.453598022 -18.275207520 137.872589111 -0.050006833 0.638260186 0.025641160 0.767766833
0.000000 214.111770630 -18.395389557 138.030822754 -0.051545773 0.639061034 0.027947705 0.766917944
0.000000 214.682296753 -18.498712540 138.147857666 -0.052231546 0.640185714 0.028580621 0.765909433
0.000000 215.473449707 -18.626083374 138.296112061 -0.052984424 0.641149640 0.028326102 0.765060484
0.000000 216.148422241 -18.754014969 138.445388794 -0.052660290 0.642722368 0.025051493 0.763876498
0.000000 216.726531982 -18.848575592 138.567184448 -0.052123453 0.644433796 0.022902096 0.762537718
0.000000 217.467254639 -18.949672699 138.676330566 -0.049841776 0.645881593 0.021829437 0.761496127
0.000000 218.197311401 -19.030698776 138.754180908 -0.050182480 0.646974564 0.021425687 0.760556817
0.000000 219.128036499 -19.127206802 138.902389526 -0.050380446 0.648435593 0.022165427 0.759277165
0.000000 219.971466064 -19.208206177 139.082778931 -0.051092077 0.650658131 0.021975707 0.757331312
0.000000 220.791824341 -19.299331665 139.207275391 -0.051100247 0.652294517 0.021529067 0.755934715
0.000000 221.630004883 -19.386644363 139.354370117 -0.051190414 0.654189050 0.020958446 0.754305601
0.000000 222.163650513 -19.438903809 139.410324097 -0.051206276 0.655580699 0.020336343 0.753112435
0.000000 223.090423584 -19.527048111 139.544418335 -0.052139886 0.657123029 0.019846095 0.751715958
0.000000 223.953567505 -19.620414734 139.666091919 -0.053181484 0.658642530 0.019229852 0.750327885
0.000000 224.852310181 -19.686502457 139.788131714 -0.054089408 0.660126507 0.018152803 0.748984516
0.000000 225.782562256 -19.770507812 139.918395996 -0.055999018 0.661616027 0.016745450 0.747561455
0.000000 226.728195190 -19.864181519 140.047622681 -0.059136484 0.662789166 0.016545368 0.746283889
0.000000 227.415359497 -19.939556122 140.210281372 -0.061997060 0.664280534 0.017072832 0.744712234
0.000000 228.220642090 -20.028087616 140.341110229 -0.063764416 0.665726781 0.016785445 0.743276656
0.000000 229.153137207 -20.138904572 140.450912476 -0.063309439 0.666972935 0.015129826 0.742233217
0.000000 230.075622559 -20.231496811 140.553802490 -0.062134508 0.668360114 0.013984378 0.741106272
0.000000 230.922561646 -20.329599380 140.650283813 -0.061058711 0.669757843 0.012637667 0.739957154
0.000000 231.742126465 -20.417312622 140.755279541 -0.061037354 0.671181083 0.012243598 0.738674819
0.000000 232.618423462 -20.562250137 140.821990967 -0.059991196 0.672346532 0.012690617 0.737692475
0.000000 233.521179199 -20.646854401 140.911132812 -0.060973357 0.673906982 0.013300624 0.736175776
0.000000 234.402893066 -20.731718063 140.996734619 -0.062065642 0.675472021 0.014525854 0.734625340
0.000000 235.214828491 -20.809677124 141.084915161 -0.057733193 0.677847445 0.016033553 0.732756913
0.000000 235.991500854 -20.922155380 141.105514526 -0.055155523 0.679345787 0.014643859 0.731596053
0.000000 236.917526245 -21.015075684 141.181411743 -0.055080637 0.681379318 0.015716286 0.729685783
0.000000 237.777328491 -21.101921082 141.246444702 -0.058749057 0.682580769 0.020903628 0.728144944
0.000000 238.434860229 -21.198854446 141.313949585 -0.062785804 0.684340060 0.026319956 0.725977898
0.000000 238.995407104 -21.311862946 141.284423828 -0.064772189 0.686016798 0.027068524 0.724191189
0.000000 239.799148560 -21.420457840 141.305084229 -0.063968569 0.687977731 0.023791188 0.722515464
0.000000 240.448715210 -21.580364227 141.218368530 -0.061755758 0.689292312 0.020561149 0.721553564
0.000000 241.285476685 -21.689708710 141.255661011 -0.060615625 0.691242933 0.018360527 0.719841540
0.000000 241.825561523 -21.743385315 141.274124146 -0.061837859 0.693105459 0.017138168 0.717974365
0.000000 242.738281250 -21.831144333 141.318450928 -0.062839776 0.695776045 0.014709853 0.715353429
0.000000 243.575164795 -21.944776535 141.316833496 -0.062220663 0.698119879 0.012160556 0.713168561
0.000000 244.466918945 -22.034086227 141.341201782 -0.061871231 0.700740039 0.010332083 0.710653722
0.000000 245.319686890 -22.138515472 141.322433472 -0.060914431 0.702973962 0.012464330 0.708492577
0.000000 246.040542603 -22.257146835 141.287002563 -0.059868611 0.704616785 0.015572938 0.706886470
0.000000 246.771530151 -22.404787064 141.246810913 -0.058346543 0.706438661 0.017730055 0.705142379
0.000000 247.451019287 -22.520891190 141.225143433 -0.056746814 0.708495140 0.017622998 0.703209758
0.000000 248.033203125 -22.629138947 141.247116089 -0.056155659 0.710896611 0.015969764 0.700869143
0.000000 248.768417358 -22.807840347 141.232040405 -0.053168595 0.712829113 0.016677681 0.699120641
0.000000 249.394515991 -22.919496536 141.220275879 -0.052844603 0.714631021 0.017823519 0.697274923
0.000000 250.075073242 -23.027507782 141.178955078 -0.053166352 0.715872526 0.019278223 0.695936978
0.000000 250.687088013 -23.148744583 141.149917603 -0.051941317 0.716896534 0.020445960 0.694941401
0.000000 251.572067261 -23.234252930 141.121322632 -0.049828619 0.717942715 0.021902014 0.693970978
0.000000 252.320983887 -23.340488434 141.112396240 -0.048726395 0.719021142 0.020610372 0.692971528
0.000000 253.155792236 -23.392366409 141.100616455 -0.047894049 0.719931006 0.020628076 0.692083836
0.000000 253.764877319 -23.479276657 141.190002441 -0.047081176 0.721663475 0.019850224 0.690355837
0.000000 254.596496582 -23.555444717 141.156097412 -0.047101270 0.722035646 0.020988641 0.689931512
0.000000 255.179901123 -23.633922577 141.203155518 -0.046445794 0.722766638 0.021888403 0.689182281
0.000000 256.055938721 -23.716047287 141.160827637 -0.045992814 0.722595811 0.023617372 0.689334571
0.000000 256.905456543 -23.802457809 141.121185303 -0.045431152 0.722187638 0.024835235 0.689756691
0.000000 257.852355957 -23.825988770 141.074707031 -0.048033081 0.721678197 0.025972594 0.690071702
0.000000 258.440734863 -23.937562943 141.094100952 -0.045932189 0.721377432 0.026795477 0.690497518
0.000000 259.200714111 -24.021503448 141.083709717 -0.045050066 0.720830142 0.026623365 0.691133559
0.000000 259.922760010 -24.106597900 141.035751343 -0.043405224 0.719663858 0.026685419 0.692450583
0.000000 260.515655518 -24.175327301 141.032333374 -0.041730016 0.718686283 0.025705006 0.693605006
0.000000 261.243011475 -24.269416809 140.990264893 -0.039753150 0.717171133 0.025060711 0.695310891
0.000000 261.868713379 -24.330732346 141.002258301 -0.039820004 0.716254056 0.023151884 0.696317911
0.000000 262.514465332 -24.372404099 141.009246826 -0.042164121 0.714929581 0.021268280 0.697599947
0.000000 263.266754150 -24.433710098 141.018356323 -0.043861989 0.713757455 0.020628799 0.698713720
0.000000 263.983398438 -24.505989075 140.994323730 -0.043293506 0.712004006 0.020912537 0.700527370
0.000000 264.723449707 -24.575193405 140.989501953 -0.042367194 0.710794985 0.020018416 0.701836765
0.000000 265.283599854 -24.633810043 141.069732666 -0.042279173 0.710410774 0.017705666 0.702292979
0.000000 265.826812744 -24.699193954 141.098724365 -0.042708915 0.709488690 0.015589675 0.703248799
0.000000 266.535827637 -24.760341644 141.099868774 -0.042646591 0.708110213 0.016280264 0.704624951
0.000000 267.214599609 -24.807529449 141.101913452 -0.043170974 0.706588686 0.016788552 0.706106842
0.000000 267.680114746 -24.896995544 141.162307739 -0.043160100 0.706104338 0.016934808 0.706588328
0.000000 268.367248535 -24.957489014 141.167816162 -0.044439297 0.704769790 0.017630607 0.707823396
0.000000 268.970001221 -25.018522263 141.170639038 -0.045181353 0.703512311 0.016873986 0.709044635
0.000000 269.518951416 -25.066263199 141.217559814 -0.046510391 0.702638209 0.015988881 0.709845603
0.000000 270.020874023 -25.144638062 141.237365723 -0.046683557 0.701499879 0.015223103 0.710976005
0.000000 270.645599365 -25.203325272 141.252777100 -0.046590578 0.700298190 0.014896580 0.712172627
0.000000 271.109191895 -25.301721573 141.285446167 -0.046466157 0.699362040 0.014504296 0.713108182
0.000000 271.664398193 -25.354593277 141.321960449 -0.048494037 0.698297560 0.014471899 0.714016497
0.000000 272.223205566 -25.401620865 141.345336914 -0.048928119 0.697399676 0.013674054 0.714879572
0.000000 272.669067383 -25.504028320 141.379898071 -0.048910301 0.696373582 0.012805752 0.715896368
0.000000 273.196746826 -25.552408218 141.398056030 -0.048908781 0.695386529 0.012239338 0.716865301
0.000000 273.680908203 -25.605140686 141.409591675 -0.048552535 0.694263577 0.012873066 0.717965901
0.000000 274.126495361 -25.654226303 141.435440063 -0.049185853 0.693124652 0.012633540 0.719026685
0.000000 274.650512695 -25.698204041 141.480957031 -0.050449017 0.693719864 0.012390587 0.718369067
0.000000 275.052551270 -25.750986099 141.515029907 -0.050892342 0.692960799 0.012664759 0.719065309
0.000000 275.471252441 -25.796150208 141.507064819 -0.051534642 0.691873014 0.012866119 0.720062852
0.000000 275.820678711 -25.868032455 141.531005859 -0.052013703 0.691397130 0.012400807 0.720493495
0.000000 276.211853027 -25.928499222 141.554077148 -0.052918289 0.690843463 0.012364102 0.720959127
0.000000 276.620208740 -25.971345901 141.565307617 -0.053388007 0.690416276 0.012752697 0.721326828
0.000000 277.049774170 -26.018911362 141.580657959 -0.053142522 0.690210521 0.013490289 0.721528471
0.000000 277.495819092 -26.067350388 141.602371216 -0.053195354 0.690424502 0.013590983 0.721318007
0.000000 277.974456787 -26.110553741 141.623474121 -0.053412285 0.690692723 0.012896196 0.721057832
0.000000 278.393768311 -26.165304184 141.635803223 -0.052482430 0.691065252 0.012583313 0.720774710
0.000000 278.884613037 -26.204072952 141.673248291 -0.053238753 0.691959918 0.013146808 0.719850183
0.000000 279.391967773 -26.261543274 141.690307617 -0.053256802 0.692561030 0.015146560 0.719231188
0.000000 279.888488770 -26.315374374 141.708343506 -0.053437106 0.693187118 0.018454835 0.718537033
0.000000 280.275512695 -26.389905930 141.729721069 -0.054152735 0.693999290 0.020390494 0.717646599
0.000000 280.748229980 -26.459470749 141.754180908 -0.055169709 0.694835186 0.020738667 0.716749847
0.000000 281.165374756 -26.539644241 141.777160645 -0.054809708 0.695711493 0.020262938 0.715940595
0.000000 281.760864258 -26.569414139 141.781021118 -0.053431951 0.696190715 0.021404466 0.715545595
0.000000 282.305694580 -26.629699707 141.793609619 -0.049054500 0.697148800 0.022966094 0.714877427
0.000000 282.826599121 -26.677928925 141.818878174 -0.049046144 0.698115349 0.023077425 0.713930607
0.000000 283.399597168 -26.729522705 141.838409424 -0.051764723 0.698921204 0.022682752 0.712962210
0.000000 284.000183105 -26.780200958 141.856521606 -0.053135231 0.699365079 0.022507329 0.712431431
0.000000 284.549560547 -26.833644867 141.885955811 -0.051581319 0.700432956 0.023350237 0.711468875
0.000000 285.181030273 -26.888488770 141.895538330 -0.049503539 0.701064348 0.024460711 0.710957050
0.000000 285.811767578 -26.956089020 141.909744263 -0.049036421 0.701732695 0.024975240 0.710311830
0.000000 286.390777588 -27.023464203 141.915252686 -0.050535928 0.702517033 0.024192415 0.709458053
0.000000 286.930297852 -27.106487274 141.920898438 -0.051221117 0.703029811 0.024348972 0.708895326
0.000000 287.582702637 -27.163793564 141.933349609 -0.053000171 0.703457773 0.024980014 0.708317935
0.000000 288.252044678 -27.225795746 141.935058594 -0.053698868 0.703825772 0.026320523 0.707850933
0.000000 288.910339355 -27.304122925 141.940689087 -0.053640563 0.704260826 0.024954051 0.707472086
0.000000 289.582946777 -27.374330521 141.947082520 -0.054551095 0.704677582 0.023342578 0.707042396
0.000000 290.219146729 -27.451084137 141.974761963 -0.055885144 0.705626905 0.022567827 0.706015706
0.000000 290.936492920 -27.524120331 141.971649170 -0.055198193 0.705833018 0.026485039 0.705727637
0.000000 291.668426514 -27.604394913 141.972640991 -0.056550842 0.706270874 0.029320262 0.705070019
0.000000 292.381958008 -27.687572479 141.978057861 -0.057819337 0.706670523 0.030684602 0.704508483
0.000000 293.113616943 -27.772243500 141.972045898 -0.055519991 0.706979573 0.031339757 0.704354584
0.000000 293.875823975 -27.859127045 141.965087891 -0.051834624 0.707570493 0.031070191 0.704053819
0.000000 294.598815918 -27.971782684 141.959548950 -0.048420694 0.707978427 0.030753482 0.703900754
0.000000 295.347106934 -28.030778885 141.950119019 -0.048116617 0.708330750 0.032076403 0.703508019
0.000000 296.197753906 -28.099201202 141.944900513 -0.048173405 0.708266973 0.032726228 0.703538358
0.000000 296.950317383 -28.153427124 141.971252441 -0.049431995 0.708859921 0.033049509 0.702838421
0.000000 297.674255371 -28.263694763 141.970397949 -0.048315793 0.708968163 0.032584999 0.702828586
0.000000 298.419891357 -28.350259781 141.969482422 -0.046655297 0.708735883 0.032523207 0.703177750
0.000000 299.206665039 -28.418571472 141.958969116 -0.045978397 0.708397567 0.032603972 0.703559458
0.000000 299.949279785 -28.496839523 141.948486328 -0.045482457 0.707862139 0.032673825 0.704127133
0.000000 300.758819580 -28.562576294 141.947830200 -0.045149021 0.707346916 0.032019440 0.704696119
0.000000 301.661895752 -28.643379211 141.940078735 -0.044363450 0.706454933 0.031858716 0.705647469
0.000000 302.475494385 -28.721221924 141.952423096 -0.043572951 0.705909550 0.031784497 0.706245720
0.000000 303.051727295 -28.824413300 142.023681641 -0.044262234 0.706141710 0.030404577 0.706031442
0.000000 303.890716553 -28.902893066 142.027023315 -0.044351861 0.705293417 0.030639650 0.706863105
0.000000 304.676940918 -29.012872696 142.011352539 -0.042722341 0.704060256 0.031143723 0.708169460
0.000000 305.546630859 -29.090585709 142.026489258 -0.041998219 0.703237236 0.031200847 0.709027529
0.000000 306.400268555 -29.177139282 142.039947510 -0.041187651 0.702236772 0.031209443 0.710065544
0.000000 307.144989014 -29.289182663 142.113143921 -0.041259769 0.701721966 0.031256203 0.710568130
0.000000 307.926879883 -29.378774643 142.139648438 -0.043468859 0.701236427 0.030184215 0.710961878
0.000000 308.832427979 -29.466384888 142.153976440 -0.043792121 0.700104892 0.030479714 0.712043881
0.000000 309.538146973 -29.597358704 142.177688599 -0.043800626 0.699151278 0.029996032 0.713000178
0.000000 310.400177002 -29.687046051 142.183670044 -0.044138506 0.697928488 0.029997274 0.714176297
0.000000 311.151031494 -29.835401535 142.207397461 -0.043564565 0.697027445 0.029264305 0.715121329
0.000000 312.031433105 -29.938217163 142.225509644 -0.042738039 0.696322083 0.028910056 0.715872467
0.000000 312.870605469 -30.064573288 142.257003784 -0.040991094 0.695665896 0.027965561 0.716649592
0.000000 313.678192139 -30.182638168 142.291534424 -0.038453504 0.695254683 0.027744086 0.717197716
0.000000 314.608764648 -30.262887955 142.355255127 -0.037638459 0.695031464 0.028235210 0.717438161
0.000000 315.575103760 -30.343511581 142.379013062 -0.037717950 0.694697320 0.029977148 0.717686832
0.000000 316.495574951 -30.415950775 142.413528442 -0.038227893 0.694568098 0.029081699 0.717821717
0.000000 317.333587646 -30.510744095 142.445053101 -0.038978104 0.694231331 0.027128737 0.718183517
0.000000 318.285186768 -30.590950012 142.482330322 -0.039103676 0.694226801 0.025557630 0.718238711
0.000000 319.206359863 -30.672853470 142.521820068 -0.039939947 0.693982244 0.025438705 0.718433321
0.000000 320.131347656 -30.750135422 142.558502197 -0.040371701 0.693879008 0.025775921 0.718496799
0.000000 321.047607422 -30.828636169 142.593872070 -0.040700521 0.693777800 0.025805676 0.718574941
0.000000 321.947326660 -30.906944275 142.635620117 -0.041749120 0.693720281 0.025176097 0.718592703
0.000000 322.842926025 -30.993282318 142.670745850 -0.041943014 0.693616092 0.025290072 0.718677998
0.000000 323.723541260 -31.078273773 142.711990356 -0.041657649 0.693499565 0.025313335 0.718806207
0.000000 324.600921631 -31.154314041 142.760391235 -0.041156527 0.693479776 0.024852928 0.718870163
0.000000 325.340850830 -31.244129181 142.804290771 -0.042858154 0.693587482 0.023795571 0.718702555
0.000000 326.203613281 -31.331922531 142.854614258 -0.043359540 0.693598211 0.024580730 0.718635678
0.000000 327.138031006 -31.398359299 142.875137329 -0.043465260 0.693288088 0.026120480 0.718874216
0.000000 328.050842285 -31.476285934 142.927627563 -0.041364368 0.693125129 0.025705006 0.719170213
0.000000 328.926605225 -31.557758331 142.969741821 -0.039869927 0.692722142 0.024987767 0.719668031
0.000000 329.827758789 -31.636373520 142.999130249 -0.039162323 0.691798270 0.027042916 0.720520854
0.000000 330.621643066 -31.725540161 143.032806396 -0.039267953 0.690533996 0.030910073 0.721571505
0.000000 331.545837402 -31.797552109 143.073211670 -0.039338473 0.689338624 0.033282019 0.722604394
0.000000 332.408782959 -31.874757767 143.121963501 -0.038395721 0.688197672 0.034328029 0.723692834
0.000000 333.142700195 -31.985509872 143.130508423 -0.036269061 0.686616063 0.034821719 0.725279570
0.000000 333.895507812 -32.093750000 143.158706665 -0.035337199 0.685100615 0.036800712 0.726659656
0.000000 334.668701172 -32.178310394 143.215896606 -0.036172591 0.683923721 0.035864793 0.727773130
0.000000 335.539611816 -32.275444031 143.281219482 -0.034721658 0.682596445 0.034543097 0.729152501
0.000000 336.442199707 -32.370769501 143.344070435 -0.033398669 0.680708110 0.032329511 0.731078506
0.000000 337.334472656 -32.450901031 143.414810181 -0.033321846 0.678997457 0.031333815 0.732714415
0.000000 338.208801270 -32.536487579 143.423553467 -0.032913741 0.676391542 0.030757358 0.735163391
0.000000 339.206420898 -32.590175629 143.536437988 -0.033854440 0.674481630 0.029825404 0.736911774
0.000000 339.978607178 -32.682521820 143.581634521 -0.032701403 0.671605885 0.030183474 0.739570916
0.000000 340.871337891 -32.751892090 143.680221558 -0.033366535 0.668782592 0.030383252 0.742087245
0.000000 341.664031982 -32.830356598 143.803375244 -0.035652060 0.666142642 0.028940193 0.744409502
0.000000 342.537963867 -32.899188995 143.919647217 -0.036693044 0.662682176 0.028700804 0.747450471
0.000000 343.435211182 -32.971347809 144.047821045 -0.037327178 0.659084916 0.028338196 0.750606894
0.000000 344.347259521 -33.038272858 144.187072754 -0.037972111 0.655552685 0.027900480 0.753677964
0.000000 345.231811523 -33.110046387 144.335769653 -0.038454864 0.652060986 0.027295208 0.756698608
0.000000 346.162475586 -33.184833527 144.493316650 -0.039001416 0.648622334 0.026606288 0.759644687
0.000000 347.045135498 -33.261436462 144.647430420 -0.039231129 0.645462453 0.026055653 0.762338758
0.000000 347.792144775 -33.356594086 144.758895874 -0.038586192 0.642366350 0.025507146 0.765000641
0.000000 348.474395752 -33.450916290 144.876815796 -0.037959158 0.639903545 0.025330693 0.767099023
0.000000 349.212554932 -33.577346802 145.063156128 -0.038845990 0.638076603 0.024378637 0.768605828
0.000000 349.956726074 -33.680614471 145.163299561 -0.037626181 0.635737360 0.024426267 0.770600855
0.000000 350.580474854 -33.797801971 145.328048706 -0.037518904 0.634285510 0.023275770 0.771837056
0.000000 351.452148438 -33.872077942 145.521133423 -0.037269048 0.632637680 0.023356935 0.773197949
0.000000 352.341705322 -33.953258514 145.715957642 -0.036859576 0.630800843 0.023733182 0.774705350
0.000000 353.175628662 -34.031330109 145.892974854 -0.036450822 0.629014909 0.023603490 0.776179492
0.000000 353.909606934 -34.114917755 146.053024292 -0.035728257 0.627199352 0.022755232 0.777706087
0.000000 354.800323486 -34.179565430 146.259582520 -0.035598729 0.625442922 0.021723716 0.779154718
0.000000 355.680786133 -34.247329712 146.465194702 -0.034616783 0.623594880 0.021055272 0.780696988
0.000000 356.415954590 -34.358348846 146.630996704 -0.032941800 0.621641397 0.020217659 0.782347798
0.000000 356.908142090 -34.471054077 146.787902832 -0.030953914 0.619944572 0.019376526 0.783795416
0.000000 357.810699463 -34.529300690 147.006042480 -0.031107580 0.618100405 0.019549554 0.785240173
0.000000 358.514984131 -34.604583740 147.176559448 -0.032489289 0.615906358 0.020206602 0.786889851
0.000000 359.299591064 -34.673362732 147.371414185 -0.033835284 0.613781035 0.020775277 0.788477302
0.000000 359.963287354 -34.766891479 147.561706543 -0.033597291 0.612110555 0.020641075 0.789788485
0.000000 360.491424561 -34.863628387 147.703277588 -0.032418348 0.610704899 0.018169625 0.790985823
0.000000 361.181243896 -34.920211792 147.894485474 -0.032418344 0.609747589 0.015631674 0.791778147
0.000000 362.009185791 -34.976192474 148.126907349 -0.033975262 0.608958840 0.014528419 0.792340696
0.000000 362.687622070 -35.049358368 148.318161011 -0.036210671 0.608333766 0.015476475 0.792703807
0.000000 363.443084717 -35.122512817 148.526336670 -0.037296824 0.607862830 0.016981380 0.792983830
0.000000 364.196533203 -35.195003510 148.743972778 -0.037876438 0.607601285 0.016274314 0.793171704
0.000000 364.966613770 -35.271320343 148.966461182 -0.037011474 0.607585967 0.013815534 0.793270886
0.000000 365.549346924 -35.379501343 149.126663208 -0.035393234 0.607194543 0.011163929 0.793686032
0.000000 366.315185547 -35.440227509 149.354278564 -0.035324756 0.607312441 0.009621899 0.793619156
0.000000 367.020935059 -35.497516632 149.562377930 -0.035132721 0.607618093 0.009289383 0.793397605
0.000000 367.808776855 -35.546642303 149.787124634 -0.035431106 0.607937217 0.009693643 0.793134928
0.000000 368.392456055 -35.646671295 149.952163696 -0.035291839 0.607999444 0.009651278 0.793094039
0.000000 369.168762207 -35.691379547 150.146026611 -0.031709630 0.608233154 0.010881389 0.793050170
0.000000 369.911712646 -35.727745056 150.331176758 -0.030671973 0.608056366 0.011133187 0.793223023
0.000000 370.711761475 -35.772579193 150.559417725 -0.031436604 0.608208835 0.012075094 0.793062449
0.000000 371.449584961 -35.814826965 150.770187378 -0.032283615 0.608264327 0.014893078 0.792937875
0.000000 372.013214111 -35.883506775 150.933532715 -0.033431668 0.608313024 0.016582703 0.792819440
0.000000 372.565826416 -35.983352661 151.076980591 -0.032825794 0.608516157 0.015398772 0.792712688
0.000000 373.300262451 -36.038223267 151.288360596 -0.031853102 0.608664095 0.013830625 0.792667747
0.000000 373.401702881 -36.170173645 151.256301880 -0.028723121 0.608178794 0.014112722 0.793154716
0.000000 374.231781006 -36.215148926 151.499084473 -0.029113706 0.608288705 0.014776056 0.793044090
0.000000 374.869659424 -36.274353027 151.656906128 -0.029115243 0.608110428 0.016647277 0.793143749
0.000000 375.493560791 -36.343109131 151.782089233 -0.028447362 0.607733488 0.017470136 0.793439150
0.000000 376.321228027 -36.395446777 152.006240845 -0.027909290 0.607705653 0.016930850 0.793491244
0.000000 376.956817627 -36.471206665 152.183807373 -0.026039060 0.607682467 0.016048416 0.793590903
0.000000 377.648651123 -36.557220459 152.366653442 -0.024190875 0.607436180 0.017039197 0.793817222
0.000000 378.544036865 -36.602752686 152.606384277 -0.022819640 0.607238829 0.018996745 0.793964386
0.000000 379.100982666 -36.732742310 152.753890991 -0.020312149 0.606872857 0.020090120 0.794285357
0.000000 379.565124512 -36.848323822 152.891082764 -0.020127911 0.606727958 0.018327629 0.794443309
0.000000 380.449859619 -36.891300201 153.136779785 -0.018198714 0.606269479 0.020308480 0.794791639
0.000000 381.039245605 -37.023311615 153.313613892 -0.015329426 0.605868459 0.020995738 0.795139968
0.000000 381.932220459 -37.057216644 153.570770264 -0.015144101 0.605739295 0.018957093 0.795293212
0.000000 382.488281250 -37.172161102 153.740097046 -0.013570135 0.605721474 0.014869547 0.795422077
0.000000 383.404388428 -37.205101013 153.984893799 -0.012123739 0.605269194 0.013612345 0.795812070
0.000000 384.248077393 -37.237205505 154.225372314 -0.012839452 0.605121791 0.014042331 0.795905530
0.000000 385.114959717 -37.259490967 154.480636597 -0.013648968 0.605060339 0.015351769 0.795914650
0.000000 385.981201172 -37.281932831 154.740707397 -0.014340535 0.604895771 0.016548971 0.796003520
0.000000 386.697265625 -37.328887939 154.982391357 -0.014682475 0.605232716 0.015430190 0.795763612
0.000000 387.483764648 -37.378227234 155.188461304 -0.012654166 0.604825497 0.015182918 0.796112776
0.000000 388.400970459 -37.405422211 155.455886841 -0.012454762 0.604732633 0.014382556 0.796201289
0.000000 389.312805176 -37.433258057 155.711990356 -0.013175680 0.604809582 0.014211628 0.796134353
0.000000 390.196411133 -37.461093903 155.969924927 -0.013544305 0.605069518 0.013952909 0.795935154
0.000000 391.012451172 -37.502025604 156.199310303 -0.012701180 0.605363011 0.013511810 0.795733452
0.000000 391.802124023 -37.530406952 156.422958374 -0.011763804 0.605742037 0.012684157 0.795473039
0.000000 392.613006592 -37.565612793 156.651596069 -0.011231132 0.606109500 0.011833267 0.795213878
0.000000 393.363861084 -37.599712372 156.854690552 -0.010660031 0.606600702 0.012092357 0.794843197
0.000000 394.153533936 -37.626934052 157.065689087 -0.010602564 0.607059002 0.013570135 0.794470131
0.000000 394.938781738 -37.650596619 157.293991089 -0.012247249 0.607659459 0.015251464 0.793956876
0.000000 395.739746094 -37.678417206 157.513442993 -0.014657590 0.608092189 0.016773900 0.793553829
0.000000 396.527465820 -37.702301025 157.726333618 -0.017142080 0.608904302 0.017885696 0.792856753
0.000000 397.290740967 -37.734352112 157.922409058 -0.017798841 0.609408319 0.018141309 0.792449176
0.000000 398.068847656 -37.768249512 158.123001099 -0.016868686 0.610044777 0.016205495 0.792021573
0.000000 398.816650391 -37.804119110 158.326324463 -0.015710596 0.610674977 0.014056650 0.791600704
0.000000 399.594818115 -37.832290649 158.517684937 -0.014717449 0.610928178 0.013881708 0.791427493
0.000000 400.318817139 -37.859683990 158.713989258 -0.014672832 0.611320496 0.014660640 0.791111290
0.000000 401.025573730 -37.894985199 158.849288940 -0.015074572 0.611000299 0.015354679 0.791337848
0.000000 401.585632324 -37.942371368 159.071105957 -0.015349827 0.611619353 0.015500528 0.790851414
0.000000 402.262573242 -37.964309692 159.312408447 -0.015417630 0.612729967 0.016194457 0.789976001
0.000000 402.926879883 -38.028762817 159.449371338 -0.014661656 0.612393439 0.016798755 0.790238678
0.000000 403.497436523 -38.088924408 159.601333618 -0.013907447 0.612420082 0.017791722 0.790209889
0.000000 404.181396484 -38.122295380 159.808166504 -0.014820362 0.612542987 0.017867358 0.790096343
0.000000 404.850708008 -38.159309387 159.998184204 -0.014690593 0.612753689 0.017961351 0.789933264
0.000000 405.542266846 -38.196186066 160.188446045 -0.014407917 0.612666667 0.017212780 0.790022612
0.000000 406.309112549 -38.223640442 160.386352539 -0.013561347 0.612347484 0.016931290 0.790291190
0.000000 407.015289307 -38.267219543 160.558532715 -0.012771962 0.611712098 0.016313180 0.790809155
0.000000 407.743133545 -38.304409027 160.751968384 -0.011857797 0.611131966 0.015623569 0.791285694
0.000000 408.444427490 -38.343364716 160.936630249 -0.011041124 0.610366106 0.015188805 0.791896939
0.000000 409.131591797 -38.392181396 161.095138550 -0.011058654 0.609214187 0.015023082 0.792786300
0.000000 409.825500488 -38.420089722 161.284622192 -0.011986535 0.608351469 0.014892579 0.793437541
0.000000 410.486907959 -38.450672150 161.534301758 -0.011509619 0.607961655 0.015439844 0.793732822
0.000000 411.169647217 -38.475429535 161.731521606 -0.011736538 0.607226133 0.014955482 0.794301629
0.000000 411.656738281 -38.516666412 161.971420288 -0.012407413 0.608067632 0.013225911 0.793678105
0.000000 412.298522949 -38.541397095 162.159729004 -0.012276414 0.607722759 0.012254546 0.793959796
0.000000 412.962219238 -38.573608398 162.308715820 -0.011825079 0.606814981 0.012006408 0.794664443
0.000000 413.579528809 -38.602912903 162.498214722 -0.011652441 0.606458247 0.011982804 0.794939637
0.000000 414.020812988 -38.632583618 162.735656738 -0.011346631 0.607093155 0.012055950 0.794458210
0.000000 414.585540771 -38.649574280 162.903945923 -0.011001916 0.606617570 0.012249682 0.794823349
0.000000 415.231781006 -38.669891357 163.072174072 -0.010218241 0.605923831 0.012684158 0.795355976
0.000000 415.839050293 -38.691658020 163.255584717 -0.010347934 0.605568230 0.012730476 0.795624316
0.000000 416.232055664 -38.752460480 163.512100220 -0.009423164 0.606472075 0.012490006 0.794950843
0.000000 416.815155029 -38.767536163 163.686676025 -0.010078751 0.606162369 0.012289759 0.795182109
0.000000 417.371673584 -38.785511017 163.850189209 -0.010307536 0.605896413 0.012159332 0.795383930
0.000000 417.735473633 -38.824932098 163.999725342 -0.010573009 0.606083035 0.011396426 0.795249462
0.000000 418.216400146 -38.853569031 164.189407349 -0.011079520 0.606517494 0.010342172 0.794925690
0.000000 418.773834229 -38.881225586 164.335418701 -0.010646044 0.606114745 0.009716675 0.795246661
0.000000 419.237457275 -38.914939880 164.480392456 -0.010241547 0.605947971 0.008783126 0.795389831
0.000000 419.743041992 -38.934261322 164.632171631 -0.009588543 0.605950713 0.009052154 0.795392871
0.000000 420.139526367 -38.948066711 164.810760498 -0.009697486 0.606463432 0.009638918 0.794993818
0.000000 420.542938232 -38.972194672 164.916137695 -0.010549023 0.606065810 0.010425406 0.795276344
0.000000 421.062652588 -38.987552643 165.054336548 -0.011702208 0.605548143 0.011276813 0.795642734
0.000000 421.549011230 -39.007373810 165.187149048 -0.012211913 0.605001867 0.011974096 0.796040356
0.000000 422.020935059 -39.020664215 165.315109253 -0.011750496 0.604544342 0.013108783 0.796376944
0.000000 422.449066162 -38.993640900 165.451980591 -0.012848154 0.604647458 0.013762040 0.796270728
0.000000 422.929077148 -39.003181458 165.576034546 -0.012069538 0.604566514 0.013596463 0.796347141
0.000000 423.380615234 -39.028804779 165.685195923 -0.012023771 0.604408741 0.012213133 0.796490014
0.000000 423.812255859 -39.043033600 165.791015625 -0.011692016 0.604573369 0.011870357 0.796375215
0.000000 424.241424561 -39.051361084 165.901840210 -0.011462916 0.604811072 0.011751130 0.796199739
0.000000 424.626983643 -39.066066742 166.012237549 -0.011069428 0.605331600 0.011746692 0.795809746
0.000000 424.995330811 -39.073219299 166.108932495 -0.010980902 0.605596006 0.011608881 0.795611858
0.000000 425.384124756 -39.083003998 166.217117310 -0.010603969 0.606006801 0.011418632 0.795306802
0.000000 425.747467041 -39.091217041 166.315139771 -0.010169270 0.606374681 0.011391195 0.795032442
0.000000 426.101379395 -39.103073120 166.408111572 -0.009533996 0.606659293 0.011602460 0.794820130
0.000000 426.420562744 -39.117645264 166.504577637 -0.009635053 0.607180119 0.011078175 0.794428587
0.000000 426.737426758 -39.130424500 166.596801758 -0.010094263 0.607590258 0.010458227 0.794117570
0.000000 427.045501709 -39.135841370 166.682754517 -0.010616610 0.607877195 0.010153140 0.793895245
0.000000 427.352355957 -39.143829346 166.766891479 -0.010462501 0.608339727 0.010493788 0.793538392
0.000000 427.628753662 -39.141670227 166.844406128 -0.010685163 0.608757973 0.011256974 0.793204129
0.000000 427.915344238 -39.153846741 166.919647217 -0.010776811 0.608930349 0.011935457 0.793060780
0.000000 428.202850342 -39.162670135 166.998916626 -0.010921030 0.609130740 0.012139093 0.792901754
0.000000 428.484832764 -39.170566559 167.078857422 -0.010860830 0.609278381 0.011803638 0.792794228
0.000000 428.770324707 -39.171825409 167.155731201 -0.010967323 0.608903706 0.011653719 0.793082714
0.000000 429.041076660 -39.179019928 167.231964111 -0.011288700 0.608513236 0.011249029 0.793383658
0.000000 429.290771484 -39.190864563 167.305999756 -0.011652442 0.608035386 0.010574419 0.793754041
0.000000 429.558563232 -39.195587158 167.378875732 -0.012054713 0.607199728 0.010326312 0.794390678
0.000000 429.826293945 -39.201740265 167.457229614 -0.012206421 0.606023490 0.010193420 0.795287788
0.000000 430.085937500 -39.212562561 167.540649414 -0.012277628 0.604502201 0.010216053 0.796443343
0.000000 430.351501465 -39.222583771 167.616455078 -0.011855913 0.602054358 0.010347215 0.798300087
0.000000 430.591430664 -39.238636017 167.687683105 -0.012146457 0.598731756 0.010234998 0.800792217
0.000000 430.858886719 -39.249778748 167.780075073 -0.012665935 0.594744503 0.010097215 0.803751588
0.000000 431.124389648 -39.261787415 167.871215820 -0.013025537 0.590144217 0.010306089 0.807126999
0.000000 431.364929199 -39.265548706 168.058731079 -0.014733640 0.586799681 0.009483851 0.809542596
0.000000 431.704223633 -39.230125427 168.176315308 -0.015781099 0.580097020 0.010884812 0.814321756
0.000000 431.989410400 -39.236835480 168.302291870 -0.016915439 0.573029578 0.010750507 0.819289625
0.000000 432.259826660 -39.249656677 168.427566528 -0.018356876 0.565102637 0.010145799 0.824754059
0.000000 432.537933350 -39.261203766 168.558334351 -0.019041406 0.556449413 0.010895075 0.830591917
0.000000 432.824279785 -39.271709442 168.695846558 -0.019688923 0.547548234 0.012059039 0.836455584
0.000000 433.111206055 -39.290748596 168.846527100 -0.019763330 0.538273215 0.012724622 0.842442572
0.000000 433.413604736 -39.264598846 168.987365723 -0.021432640 0.527978837 0.013664789 0.848877072
0.000000 433.668884277 -39.276943207 169.140441895 -0.023849992 0.521058619 0.013694201 0.853077769
0.000000 433.938262939 -39.280506134 169.291534424 -0.026893452 0.517706752 0.013431064 0.855029941
0.000000 434.194549561 -39.293159485 169.437683105 -0.028123103 0.518115044 0.012897351 0.854751170
0.000000 434.454345703 -39.302574158 169.569107056 -0.029013729 0.520152688 0.012650632 0.853486657
0.000000 434.678253174 -39.332580566 169.676757812 -0.029091433 0.524752438 0.012155041 0.850670815
0.000000 434.948211670 -39.279670715 169.805099487 -0.029872080 0.531599760 0.015169171 0.846332788
0.000000 435.208068848 -39.279602051 169.915817261 -0.029481940 0.539111078 0.016661592 0.841553628
0.000000 435.453491211 -39.295215607 170.001815796 -0.027940772 0.547577977 0.017719967 0.836100280
0.000000 435.695556641 -39.301048279 170.088195801 -0.027667716 0.557038426 0.018231438 0.829825580
0.000000 435.956329346 -39.309791565 170.174697876 -0.027768785 0.566594839 0.018349569 0.823324144
0.000000 436.201843262 -39.323509216 170.247894287 -0.027963961 0.575985789 0.017894858 0.816785276
0.000000 436.471649170 -39.335594177 170.326309204 -0.027729314 0.585026920 0.017670706 0.810347080
0.000000 436.706054688 -39.365146637 170.396347046 -0.026848810 0.593493223 0.017777897 0.804194570
0.000000 436.988586426 -39.381610870 170.463928223 -0.025231376 0.600815654 0.019307572 0.798756003
0.000000 437.257751465 -39.398635864 170.522537231 -0.024134137 0.607372642 0.020080473 0.793796480
0.000000 437.514251709 -39.419826508 170.579864502 -0.024195801 0.612945557 0.019567836 0.789512157
0.000000 437.765960693 -39.438949585 170.636993408 -0.023729729 0.617330730 0.018597603 0.786125839
0.000000 437.993927002 -39.463073730 170.685821533 -0.022425748 0.621099830 0.017461602 0.783215940
0.000000 438.247680664 -39.475505829 170.737915039 -0.021650195 0.623965859 0.017378628 0.780958295
0.000000 438.473907471 -39.492759705 170.785964966 -0.021246899 0.624853492 0.017766159 0.780250609
0.000000 438.714752197 -39.503337860 170.840942383 -0.021374509 0.623765826 0.018087015 0.781109631
0.000000 438.937377930 -39.512516022 170.904785156 -0.020908974 0.621446133 0.018244918 0.782965302
0.000000 439.157043457 -39.519508362 170.960021973 -0.019717284 0.617387295 0.018951980 0.786183834
0.000000 439.351287842 -39.533008575 171.020568848 -0.019779159 0.612426221 0.018242059 0.790069699
0.000000 439.540496826 -39.544342041 171.092788696 -0.021809973 0.606752336 0.016917203 0.794411659
0.000000 439.712463379 -39.557460785 171.164627075 -0.023805276 0.600830555 0.015886972 0.798863947
0.000000 439.871551514 -39.570167542 171.229476929 -0.024615865 0.594710350 0.014748801 0.803427756
0.000000 440.034301758 -39.576835632 171.295837402 -0.024269899 0.588364959 0.013433836 0.808119535
0.000000 440.175476074 -39.586383820 171.357254028 -0.022926157 0.581953943 0.013569036 0.812785268
0.000000 440.297882080 -39.596820831 171.404830933 -0.019916549 0.575404942 0.017746018 0.817433536
0.000000 440.421630859 -39.603805542 171.455795288 -0.019349588 0.568210542 0.021596787 0.822372198
0.000000 440.532257080 -39.610786438 171.518066406 -0.020432105 0.561226010 0.022058615 0.827116251
0.000000 440.638732910 -39.614784241 171.591918945 -0.023126123 0.554647088 0.019405341 0.831537902
0.000000 440.739715576 -39.617126465 171.661254883 -0.024722477 0.548211813 0.016914118 0.835802913
0.000000 440.837280273 -39.621078491 171.721862793 -0.025002073 0.542032778 0.015801860 0.839836717
0.000000 440.934906006 -39.624706268 171.779586792 -0.024515478 0.536272645 0.015562410 0.843545258
0.000000 441.019653320 -39.627880096 171.829559326 -0.024292300 0.530412078 0.015416664 0.847251534
0.000000 441.105712891 -39.629947662 171.886184692 -0.024194572 0.524936497 0.015391514 0.850658298
0.000000 441.186492920 -39.629138947 171.942306519 -0.023545336 0.519916177 0.015471661 0.853752613
0.000000 441.264434814 -39.630920410 171.989288330 -0.022533797 0.515086293 0.015061716 0.856709719
0.000000 441.335571289 -39.633399963 172.034393311 -0.023138685 0.511184812 0.014382038 0.859038889
0.000000 441.389617920 -39.638370514 172.086196899 -0.025989227 0.507281423 0.013333634 0.861285329
0.000000 441.430511475 -39.644008636 172.135742188 -0.030458927 0.502361000 0.012011372 0.864037871
0.000000 441.468322754 -39.647758484 172.177154541 -0.033626992 0.498916119 0.011173269 0.865925550
0.000000 441.513916016 -39.650230408 172.211151123 -0.033199087 0.496456921 0.011030321 0.867356181
0.000000 441.562225342 -39.651950836 172.234924316 -0.030312054 0.493173480 0.011059329 0.869332433
0.000000 441.610595703 -39.652225494 172.260772705 -0.027455511 0.490674168 0.011174602 0.870838821
0.000000 441.651123047 -39.653129578 172.290069580 -0.026691839 0.488657922 0.010720665 0.872001171
0.000000 441.684020996 -39.654426575 172.324005127 -0.028047763 0.485812694 0.009611826 0.873559952
0.000000 441.710662842 -39.656749725 172.353073120 -0.029960740 0.483163565 0.008592744 0.874975145
0.000000 441.736968994 -39.658172607 172.383468628 -0.031691298 0.481357694 0.007984183 0.875914752
