0.000000 0.000000000 0.000000000 0.000000000 0.000000000 0.000000000 0.000000000 1.000000000
0.000000 -0.030071700 -0.022175094 0.899783552 -0.000863167 0.001098633 0.002082363 0.999996841
0.000000 -0.045914657 -0.026236407 1.812461019 -0.000172634 0.001722014 0.002432234 0.999995589
0.000000 -0.042565845 -0.031064842 2.765067577 0.000732422 0.001700243 0.000386020 0.999998212
0.000000 -0.179738224 -0.034549098 3.288307190 0.000000000 0.003821405 -0.002985112 0.999988258
0.000000 -0.243644476 -0.019609487 4.199285030 0.002432234 0.003883295 -0.002852374 0.999985456
0.000000 -0.287057042 -0.010082610 5.069734573 0.003612952 0.004119760 -0.001407784 0.999984026
0.000000 -0.472984344 0.024259988 5.896002293 0.004648299 0.006797683 0.000762329 0.999965787
0.000000 -0.479786187 0.001706984 6.686087132 0.004334786 0.006637977 0.000440131 0.999968529
0.000000 -0.408080280 -0.029253012 7.484015942 0.003766418 0.005387714 -0.000945553 0.999977946
0.000000 -0.441360325 0.041087873 8.196955681 0.003389513 0.005864459 0.000752492 0.999976754
0.000000 -0.357748628 0.001761217 9.031736374 0.004072468 0.003754530 -0.001064184 0.999984086
0.000000 -0.377375722 -0.028407995 9.732459068 0.004061476 0.004052293 -0.002224227 0.999981105
0.000000 -0.394869089 -0.075229913 10.406078339 0.002751325 0.004035712 -0.002854984 0.999984026
0.000000 -0.389516652 -0.078927428 11.309447289 0.002857593 0.003645797 -0.002237586 0.999986768
0.000000 -0.399978369 -0.091865778 11.924653053 0.002615269 0.003273215 -0.001500025 0.999990106
0.000000 -0.435742378 -0.099011302 12.699363708 0.002962564 0.003012442 -0.001013992 0.999990582
0.000000 -0.441779703 -0.119909659 13.446120262 0.001673744 0.002204037 -0.000897030 0.999995768
0.000000 -0.438665718 -0.101856954 14.338306427 0.001739234 0.001386452 0.000122070 0.999997556
0.000000 -0.439465970 -0.106424555 15.143874168 0.001208435 0.000386020 -0.000172634 0.999999225
0.000000 -0.443867445 -0.105271719 16.039228439 0.001444356 -0.000366211 -0.000585429 0.999998748
0.000000 -0.456332326 -0.107936740 16.901851654 0.001170857 -0.000976563 -0.001337213 0.999997973
0.000000 -0.456666797 -0.122677475 17.723779678 0.001651337 -0.001871302 -0.002053540 0.999994755
0.000000 -0.472180158 -0.134292305 18.593311310 0.001673744 -0.002453583 -0.002169969 0.999993265
0.000000 -0.478334010 -0.173679009 19.535116196 0.001220703 -0.003159712 -0.001945481 0.999992430
0.000000 -0.481874257 -0.175411046 20.374673843 0.001348311 -0.003770372 -0.002283726 0.999989390
0.000000 -0.521753132 -0.188328087 21.223350525 0.001297625 -0.003801858 -0.003512572 0.999985754
0.000000 -0.525043547 -0.185051471 22.056266785 0.001434001 -0.004218055 -0.004885864 0.999978125
0.000000 -0.538211823 -0.178483531 22.890825272 0.001407784 -0.004458492 -0.005662800 0.999973059
0.000000 -0.563492298 -0.164850086 23.714267731 0.000937640 -0.004360491 -0.004867530 0.999978185
0.000000 -0.577328384 -0.156294018 24.531459808 -0.000000000 -0.004748206 -0.003398294 0.999982953
0.000000 -0.584853411 -0.153101921 25.303127289 -0.000244141 -0.005194806 -0.002551825 0.999983251
0.000000 -0.600188375 -0.144605368 26.114110947 -0.000701241 -0.005657534 -0.002270639 0.999981165
0.000000 -0.619436741 -0.137886569 26.934150696 -0.000921611 -0.006178736 -0.001937806 0.999978602
0.000000 -0.633698463 -0.143943802 27.685012817 -0.001132034 -0.007262927 -0.001708984 0.999971509
0.000000 -0.647382438 -0.137337878 28.456249237 -0.001309058 -0.008314234 -0.001539248 0.999963403
0.000000 -0.667067349 -0.132990658 29.208770752 -0.001402481 -0.009266094 -0.002064397 0.999953985
0.000000 -0.679732800 -0.145243242 29.884140015 -0.001818807 -0.010293068 -0.003396101 0.999939620
0.000000 -0.694647133 -0.137438014 30.641939163 -0.002273918 -0.011451211 -0.004059641 0.999923646
0.000000 -0.704672217 -0.131214306 31.357128143 -0.002548903 -0.012666523 -0.004173663 0.999907851
0.000000 -0.729791880 -0.124478742 32.056659698 -0.003993024 -0.013746873 -0.003690483 0.999890745
0.000000 -0.750394285 -0.112791374 32.776523590 -0.004649902 -0.014653015 -0.003166778 0.999876857
0.000000 -0.774484336 -0.114329137 33.483436584 -0.004832196 -0.015523101 -0.003850540 0.999860406
0.000000 -0.801934183 -0.115490638 34.132320404 -0.005892343 -0.016008440 -0.004873649 0.999842644
0.000000 -0.838667035 -0.113783509 34.798309326 -0.007635984 -0.015744234 -0.005084636 0.999834001
0.000000 -0.867866397 -0.111955717 35.456447601 -0.009553514 -0.015164259 -0.004052293 0.999831200
0.000000 -0.902740180 -0.114327878 36.059127808 -0.011084227 -0.013961985 -0.002477757 0.999838054
0.000000 -0.923205912 -0.105296165 36.692756653 -0.011601177 -0.012835391 -0.001444356 0.999849319
0.000000 -0.936697483 -0.120346136 37.293758392 -0.011097662 -0.011181934 -0.002124865 0.999873638
0.000000 -0.964064419 -0.120228909 37.911128998 -0.013638046 -0.009427116 -0.003504077 0.999856412
0.000000 -0.982719779 -0.124441050 38.509536743 -0.015757950 -0.007463280 -0.005318121 0.999833882
0.000000 -1.003497958 -0.127131283 39.046745300 -0.018579967 -0.005135665 -0.005859375 0.999797046
0.000000 -1.016294241 -0.119904108 39.628086090 -0.020564048 -0.002379589 -0.005937689 0.999768078
0.000000 -1.012193561 -0.141426593 40.122406006 -0.022382852 0.000172634 -0.007385002 0.999722242
0.000000 -1.021694660 -0.142796248 40.639671326 -0.025316572 0.003712624 -0.008158646 0.999639332
0.000000 -1.019579291 -0.136504814 41.174560547 -0.027063293 0.007275227 -0.007989779 0.999575317
0.000000 -1.014230847 -0.134088978 41.659584045 -0.029015526 0.010962566 -0.008072346 0.999486268
0.000000 -0.997847557 -0.157368213 42.052764893 -0.031591929 0.014224728 -0.008344647 0.999364793
0.000000 -0.992470443 -0.156111479 42.505504608 -0.034400880 0.018131861 -0.007164810 0.999217987
0.000000 -0.974338830 -0.153129369 42.945602417 -0.035377234 0.022138858 -0.005683812 0.999112666
0.000000 -0.951550722 -0.159143701 43.321285248 -0.035577789 0.025989225 -0.005826220 0.999011934
0.000000 -0.943659544 -0.249615148 43.423290253 -0.035426687 0.029793410 -0.008305268 0.998893559
0.000000 -0.915089726 -0.241798192 43.808578491 -0.036315456 0.033747528 -0.008674726 0.998732746
0.000000 -0.890395284 -0.230687857 44.224483490 -0.039255239 0.038216978 -0.008872589 0.998458683
0.000000 -0.791678846 -0.324972630 44.492820740 -0.039662525 0.040880255 -0.010389612 0.998322487
0.000000 -1.063934326 -0.406696916 44.493511200 -0.041035969 0.049978070 -0.012764961 0.997825325
0.000000 -1.034286380 -0.391970158 44.797191620 -0.041491698 0.055017430 -0.012925050 0.997539222
0.000000 -1.034639001 -0.398187578 45.032932281 -0.041030157 0.060893759 -0.012292790 0.997224867
0.000000 -0.780631304 -0.319243073 44.963489532 -0.033738699 0.062958702 -0.008219603 0.997411847
0.000000 -0.775143147 -0.318071932 45.425140381 -0.033324525 0.070406109 -0.006267333 0.996941924
0.000000 -0.803662062 -0.213654608 46.002494812 -0.032972317 0.080610596 -0.002197266 0.996197760
0.000000 -0.752770424 -0.216471389 46.248283386 -0.033837050 0.088842042 -0.001906799 0.995469034
0.000000 -0.765025318 -0.167360097 46.668296814 -0.035423115 0.099628076 -0.000622439 0.994393826
0.000000 -0.709571123 -0.143121868 47.026306152 -0.036020879 0.109425738 0.000211432 0.993342042
0.000000 -0.638839245 -0.150048941 47.251415253 -0.035501901 0.119234145 -0.000172633 0.992231250
0.000000 -0.547221601 -0.133393690 47.560932159 -0.035534203 0.129522696 0.000679659 0.990939319
0.000000 -0.470106453 -0.141185582 47.777664185 -0.036411554 0.140234098 0.001280284 0.989447832
0.000000 -0.376235574 -0.148724943 48.001197815 -0.037004828 0.151781082 0.001859320 0.987719476
0.000000 -0.282271624 -0.156683460 48.228790283 -0.037709057 0.164381310 0.001887161 0.985674024
0.000000 -0.175309226 -0.162750989 48.468532562 -0.039132439 0.177633867 0.001687045 0.983316839
0.000000 -0.067276396 -0.172233105 48.693084717 -0.040355828 0.191882819 0.001524658 0.980586648
0.000000 0.054397888 -0.182063386 48.919918060 -0.040826816 0.206886306 0.001600937 0.977511466
0.000000 0.190291375 -0.193152308 49.135807037 -0.039926514 0.222829193 0.002348070 0.974036753
0.000000 0.227475330 -0.249842525 49.172306061 -0.038528226 0.240433604 0.002679993 0.969896972
0.000000 0.385115027 -0.259373248 49.381439209 -0.037905730 0.258841455 0.004518251 0.965165198
0.000000 0.549280763 -0.269600540 49.588985443 -0.038703606 0.277967423 0.006477783 0.959788620
0.000000 0.701744676 -0.292893976 49.756900787 -0.039174683 0.297685534 0.007882756 0.953827322
0.000000 0.868472576 -0.306606799 49.944671631 -0.041148383 0.318507880 0.008546666 0.946988165
0.000000 1.078904271 -0.324927360 50.157588959 -0.043109838 0.339841425 0.008649783 0.939454436
0.000000 1.271673918 -0.353495121 50.364524841 -0.046667915 0.362214297 0.007777134 0.930893362
0.000000 1.527794361 -0.370182425 50.577690125 -0.047322527 0.384920388 0.008161385 0.921699703
0.000000 1.820511818 -0.389369965 50.791366577 -0.046448998 0.408524066 0.008330349 0.911526859
0.000000 2.108686686 -0.397811830 50.993171692 -0.046038635 0.432494193 0.008969469 0.900415897
0.000000 2.385661125 -0.429397702 51.184352875 -0.046020992 0.457281172 0.009030729 0.888084710
0.000000 2.729220390 -0.448843747 51.359245300 -0.045492288 0.482223034 0.010546904 0.874803007
0.000000 3.094888687 -0.483107746 51.522518158 -0.044785332 0.506932795 0.010834728 0.860753179
0.000000 3.481656551 -0.508335829 51.670433044 -0.044228215 0.530585468 0.010365200 0.846413314
0.000000 3.912769794 -0.539857805 51.809131622 -0.043937344 0.553409457 0.009004289 0.831700921
0.000000 4.320590019 -0.556221962 51.941413879 -0.045201138 0.575861514 0.007432268 0.816262901
0.000000 4.765643120 -0.576510191 52.036087036 -0.044987842 0.596659422 0.008698742 0.801185429
0.000000 5.190695286 -0.604124427 52.112583160 -0.040840868 0.616481006 0.012219842 0.786214948
0.000000 5.698717594 -0.636566520 52.179027557 -0.035904866 0.634659827 0.014869548 0.771813929
0.000000 6.228615761 -0.658914924 52.231182098 -0.032564871 0.651188612 0.018562315 0.757989705
0.000000 6.737381935 -0.685644150 52.257678986 -0.031773474 0.665217936 0.020620130 0.745687902
0.000000 7.298931599 -0.723181009 52.278797150 -0.028659759 0.677233517 0.024462841 0.734802663
0.000000 7.848717213 -0.768535912 52.287223816 -0.026089942 0.687915206 0.026121620 0.724851489
0.000000 8.356002808 -0.807826877 52.272117615 -0.022825191 0.696923733 0.027886054 0.716239274
0.000000 8.766435623 -0.904096484 52.264865875 -0.022573771 0.704233170 0.026619168 0.709110439
0.000000 9.240255356 -0.938154340 52.233703613 -0.022420432 0.709788918 0.027772002 0.703509629
0.000000 9.662480354 -0.997771680 52.225593567 -0.023012439 0.714741468 0.026180880 0.698519588
0.000000 10.205805779 -1.037116885 52.208705902 -0.023390086 0.718819380 0.026365209 0.694302917
0.000000 10.800374985 -1.073264003 52.183109283 -0.023468632 0.722121835 0.028425874 0.690783083
0.000000 11.434789658 -1.104963899 52.143707275 -0.022877032 0.724338830 0.030645240 0.688382745
0.000000 12.000545502 -1.119554877 52.068000793 -0.022452312 0.725468457 0.030471155 0.687213898
0.000000 12.653423309 -1.161639333 52.045513153 -0.022410128 0.726786196 0.028441073 0.685908675
0.000000 13.322566986 -1.203028202 52.025680542 -0.020896856 0.727845192 0.025047034 0.684965312
0.000000 13.817468643 -1.267891407 52.027580261 -0.018579166 0.728782117 0.022560563 0.684121668
0.000000 14.441274643 -1.305424094 52.006984711 -0.018473800 0.729328632 0.021772020 0.683567464
0.000000 14.923296928 -1.435108304 52.007980347 -0.017068906 0.729748249 0.022510972 0.683132172
0.000000 15.608021736 -1.475029945 51.963958740 -0.019292517 0.729461432 0.025131073 0.683287859
0.000000 16.313093185 -1.513202667 51.918754578 -0.021916978 0.728682220 0.027914362 0.683931887
0.000000 16.675102234 -1.144932151 51.670394897 -0.022868888 0.726311266 0.032220781 0.686229408
0.000000 17.295398712 -1.107576251 51.514118195 -0.019483510 0.724404514 0.033506915 0.688284755
0.000000 17.966133118 -1.156185865 51.487281799 -0.017291810 0.723611653 0.031065635 0.689291000
0.000000 18.617828369 -1.211489916 51.466167450 -0.017386343 0.722654164 0.029524617 0.690360069
0.000000 19.323825836 -1.259154797 51.434440613 -0.016868688 0.721509278 0.033802241 0.691373527
0.000000 20.032833099 -1.301606655 51.404701233 -0.018510465 0.720397413 0.036279947 0.692364573
0.000000 20.600238800 -1.309542894 51.405899048 -0.021356026 0.719692588 0.034401961 0.693111122
0.000000 21.276273727 -1.380821109 51.412364960 -0.021764148 0.718742430 0.031027239 0.694242716
0.000000 21.934898376 -1.437087655 51.402347565 -0.019744851 0.717421353 0.030325569 0.695699096
0.000000 22.590190887 -1.493592143 51.362289429 -0.018358093 0.716149211 0.032446831 0.696950853
0.000000 23.319240570 -1.540067911 51.353588104 -0.020312514 0.715246141 0.033944327 0.697752237
0.000000 24.001291275 -1.594108701 51.326496124 -0.021554314 0.713631988 0.033128541 0.699404955
0.000000 24.644874573 -1.675245523 51.345474243 -0.021625750 0.712681055 0.032088246 0.700420260
0.000000 25.345504761 -1.719439507 51.364311218 -0.019738056 0.711900294 0.032010131 0.701272964
0.000000 26.004135132 -1.783191800 51.346656799 -0.017950563 0.710711837 0.033843651 0.702439368
0.000000 26.681842804 -1.820888877 51.359375000 -0.017984152 0.709708035 0.034661736 0.703412890
0.000000 27.354776382 -1.871788025 51.394165039 -0.018209765 0.709259808 0.034377478 0.703872979
0.000000 27.974256516 -1.931497574 51.398475647 -0.017309466 0.708142638 0.034052368 0.705035329
0.000000 28.682352066 -1.987276554 51.396606445 -0.016302217 0.706894040 0.034370765 0.706295848
0.000000 29.435674667 -2.033328772 51.417057037 -0.017393200 0.706021905 0.033683445 0.707174659
0.000000 30.147922516 -2.062833071 51.428009033 -0.019246118 0.704954028 0.033331007 0.708207905
0.000000 30.820234299 -2.124844551 51.434562683 -0.018472996 0.704040945 0.033818990 0.709113181
0.000000 31.511228561 -2.182772160 51.440811157 -0.018916963 0.703005910 0.032916464 0.710170031
0.000000 32.296977997 -2.241484165 51.455501556 -0.019520948 0.702198625 0.032572195 0.710967779
0.000000 32.999416351 -2.302730560 51.474800110 -0.020489639 0.701378226 0.031398419 0.711802602
0.000000 33.704151154 -2.361157656 51.489845276 -0.021759013 0.700291991 0.031657893 0.712822258
0.000000 34.428081512 -2.412595034 51.532188416 -0.023703026 0.699269056 0.032320753 0.713734031
0.000000 35.102363586 -2.460843563 51.548542023 -0.024479283 0.698004127 0.033368763 0.714896858
0.000000 35.799957275 -2.510472298 51.571189880 -0.027353285 0.696813107 0.032197881 0.716007411
0.000000 36.526634216 -2.560258389 51.601581573 -0.028326362 0.696019232 0.030868586 0.716799855
0.000000 37.274627686 -2.655226231 51.616916656 -0.028314261 0.694585145 0.031923428 0.718143940
0.000000 38.063488007 -2.716075182 51.644340515 -0.029057093 0.693010807 0.032193024 0.719621718
0.000000 38.790733337 -2.765373707 51.678855896 -0.030904049 0.691656351 0.030983986 0.720899820
0.000000 39.597415924 -2.820828199 51.721244812 -0.030956559 0.690307438 0.029853368 0.722236872
0.000000 40.355934143 -2.883146763 51.763271332 -0.030501951 0.688513100 0.030162733 0.723954201
0.000000 41.166332245 -2.939177752 51.831703186 -0.033200659 0.686741412 0.030315248 0.725510240
0.000000 41.925907135 -3.008178473 51.879833221 -0.036744382 0.684283376 0.032739203 0.727553606
0.000000 42.655025482 -3.071324825 51.989555359 -0.039925206 0.682301760 0.032873202 0.729239166
0.000000 43.455554962 -3.119738579 52.066455841 -0.042437125 0.679557681 0.033049960 0.731647551
0.000000 44.233127594 -3.174078703 52.179409027 -0.044382256 0.677524805 0.030385947 0.733530581
0.000000 45.000492096 -3.267931223 52.260654449 -0.043628994 0.674948692 0.029408813 0.735986352
0.000000 45.751224518 -3.352132320 52.349117279 -0.042768881 0.672514796 0.027584109 0.738331795
0.000000 46.520797729 -3.416958809 52.462810516 -0.041630808 0.670054674 0.024789292 0.740728796
0.000000 47.323638916 -3.484904766 52.534584045 -0.040084068 0.667331398 0.020950267 0.743386269
0.000000 48.114971161 -3.554213047 52.629962921 -0.038956501 0.664473057 0.020076394 0.746026158
0.000000 48.911674500 -3.630531788 52.731826782 -0.039986178 0.662004948 0.020073051 0.748162866
0.000000 49.628379822 -3.682196140 52.764583588 -0.042165708 0.659399331 0.022505343 0.750271976
0.000000 50.391021729 -3.749147892 52.855854034 -0.043703560 0.657184958 0.023336830 0.752099276
0.000000 51.114395142 -3.834449053 52.939804077 -0.044720240 0.654873252 0.023798389 0.754038990
0.000000 51.891368866 -3.905467033 53.056152344 -0.045158427 0.652731776 0.022602465 0.755904138
0.000000 52.627513885 -3.960102320 53.162902832 -0.042813804 0.650805295 0.023089690 0.757684946
0.000000 53.361030579 -4.022816658 53.264308929 -0.040156499 0.649045229 0.020916814 0.759401321
0.000000 54.092704773 -4.086311340 53.401679993 -0.038540211 0.647973716 0.017843155 0.760477722
0.000000 54.792373657 -4.158053398 53.537380219 -0.039331652 0.646916211 0.014274400 0.761412323
0.000000 55.543910980 -4.211303711 53.677635193 -0.039841887 0.645741284 0.013648422 0.762393951
0.000000 56.261241913 -4.265895367 53.820598602 -0.042168889 0.645310998 0.012736913 0.762648821
0.000000 56.948509216 -4.315672874 53.949203491 -0.044903792 0.644569755 0.012825518 0.763117909
0.000000 57.629020691 -4.345255375 54.088516235 -0.048135810 0.644226909 0.013149641 0.763204932
0.000000 58.325305939 -4.393511295 54.226531982 -0.051041741 0.643742681 0.014353517 0.763402998
0.000000 59.013729095 -4.452627659 54.359863281 -0.051609762 0.643412232 0.015159344 0.763627768
0.000000 59.684612274 -4.509286880 54.482887268 -0.052159175 0.642747521 0.014302557 0.764166534
0.000000 60.352130890 -4.550983906 54.614933014 -0.051673967 0.642948329 0.013523386 0.764044821
0.000000 60.997753143 -4.608977318 54.738201141 -0.051170330 0.642987072 0.012156880 0.764069080
0.000000 61.641052246 -4.661729336 54.869289398 -0.051338222 0.643613517 0.011390541 0.763541937
0.000000 62.278438568 -4.717441559 54.981010437 -0.051392183 0.644241452 0.010882074 0.763015985
0.000000 62.900211334 -4.772118092 55.092590332 -0.052015848 0.644822717 0.010676792 0.762485445
0.000000 63.530750275 -4.815035343 55.213397980 -0.053937264 0.645893514 0.011459666 0.761433601
0.000000 64.139205933 -4.869332790 55.311801910 -0.054488230 0.646612883 0.013804205 0.760744631
0.000000 64.738288879 -4.922422886 55.407798767 -0.053995524 0.647267103 0.014805775 0.760204315
0.000000 65.309585571 -4.955511093 55.496364594 -0.053712603 0.648012221 0.014468294 0.759595811
0.000000 65.908683777 -5.003730297 55.593765259 -0.052793115 0.648983598 0.013393288 0.758850336
0.000000 66.429252625 -5.070572376 55.672431946 -0.051199734 0.649908662 0.011801113 0.758194029
0.000000 67.021553040 -5.120078564 55.760444641 -0.049668521 0.650661290 0.013104805 0.757628739
0.000000 67.607559204 -5.164298534 55.839942932 -0.048900552 0.651299298 0.015368260 0.757087708
0.000000 68.116477966 -5.220950603 55.908275604 -0.047879115 0.652244031 0.017820176 0.756285548
0.000000 68.642013550 -5.244167328 55.988342285 -0.049239602 0.652910173 0.018590793 0.755604625
0.000000 69.149246216 -5.303308010 56.064884186 -0.050080974 0.653349817 0.019352669 0.755149901
0.000000 69.719596863 -5.349856853 56.147426605 -0.049166918 0.653840303 0.019537354 0.754780710
0.000000 70.230033875 -5.411074638 56.213161469 -0.046518885 0.653624237 0.021059165 0.755094707
0.000000 70.730407715 -5.478285789 56.280174255 -0.043851968 0.652855217 0.022111919 0.755889058
0.000000 71.216865540 -5.532167912 56.353591919 -0.042439058 0.652141213 0.022882242 0.756562710
0.000000 71.772842407 -5.550116539 56.426555634 -0.043359369 0.650206864 0.022550652 0.758183718
0.000000 72.335243225 -5.595947742 56.527496338 -0.043706287 0.648017585 0.022605103 0.760034204
0.000000 72.842491150 -5.649222851 56.627490997 -0.042359632 0.645495236 0.022903072 0.762244701
0.000000 73.380867004 -5.676805496 56.758785248 -0.043313466 0.642865956 0.022454966 0.764423370
0.000000 73.941520691 -5.724691391 56.875713348 -0.042593095 0.639511228 0.021790832 0.767291605
0.000000 74.524841309 -5.776971340 56.999099731 -0.043295745 0.635799587 0.020434657 0.770367980
0.000000 75.045578003 -5.838367939 57.124343872 -0.042724960 0.632112622 0.020044822 0.773438036
0.000000 75.609382629 -5.900032043 57.243312836 -0.044740725 0.627816558 0.019713504 0.776824296
0.000000 76.219833374 -5.938677311 57.412929535 -0.046514560 0.624035597 0.019537736 0.779765606
0.000000 76.801467896 -6.001790047 57.568317413 -0.048532430 0.619521022 0.018706653 0.783254981
0.000000 77.426216125 -6.053746223 57.731407166 -0.049171466 0.615211844 0.019075807 0.786595702
0.000000 78.051879883 -6.110590935 57.900192261 -0.049933773 0.610969722 0.018271443 0.789866269
0.000000 78.686248779 -6.153541565 58.106025696 -0.050164808 0.606939197 0.018377969 0.792950571
0.000000 79.292030334 -6.216960907 58.286834717 -0.051247146 0.602577150 0.016881932 0.796234608
0.000000 79.983345032 -6.254065037 58.495567322 -0.049637012 0.598282337 0.015611166 0.799594164
0.000000 80.629997253 -6.304628849 58.681415558 -0.046053685 0.593824565 0.014548405 0.803143680
0.000000 81.329689026 -6.360970974 58.867095947 -0.040211376 0.587664485 0.015876651 0.807948887
0.000000 81.998153687 -6.411976337 59.099983215 -0.039176773 0.583234251 0.014277531 0.811233103
0.000000 82.593536377 -6.471629143 59.278530121 -0.036536973 0.579160571 0.015712967 0.814242721
0.000000 83.320022583 -6.513621330 59.527839661 -0.032694798 0.575393975 0.016498018 0.817056119
0.000000 84.044448853 -6.557478905 59.727909088 -0.025994960 0.570935309 0.017048815 0.820406377
0.000000 84.847595215 -6.649823666 59.938629150 -0.018520527 0.564829051 0.019330714 0.824773669
0.000000 85.531562805 -6.709498882 60.219429016 -0.017532289 0.561537504 0.020350993 0.827015162
0.000000 86.285293579 -6.747164249 60.527267456 -0.018283671 0.557810068 0.024687193 0.829399943
0.000000 86.984397888 -6.788228512 60.866146088 -0.017531440 0.554488719 0.028901033 0.831504405
0.000000 87.680458069 -6.836913109 61.147216797 -0.018080423 0.551789641 0.029406533 0.833268583
0.000000 88.382728577 -6.885388374 61.464618683 -0.020643603 0.549650252 0.027013417 0.834702790
0.000000 89.050697327 -6.935678005 61.770038605 -0.023362357 0.547578871 0.025942167 0.836025476
0.000000 89.683105469 -7.005267143 62.060409546 -0.023424145 0.546022952 0.027215932 0.837000310
0.000000 90.366333008 -7.056653976 62.374420166 -0.025579484 0.544025660 0.027856648 0.838215828
0.000000 91.070091248 -7.106266022 62.704574585 -0.027129836 0.542226672 0.028137142 0.839322746
0.000000 91.732574463 -7.165406704 63.020828247 -0.026882090 0.540438712 0.026917541 0.840522945
0.000000 92.442657471 -7.210913181 63.362461090 -0.025508899 0.538599968 0.026304383 0.841764510
0.000000 93.049888611 -7.267370224 63.635993958 -0.024627062 0.536893129 0.024927163 0.842922270
0.000000 93.623374939 -7.327861309 63.914710999 -0.024787189 0.535161495 0.023722507 0.844052792
0.000000 94.260551453 -7.373483658 64.228950500 -0.025947053 0.533369303 0.023767378 0.845150411
0.000000 94.863494873 -7.420066833 64.523422241 -0.025895886 0.532072783 0.024442427 0.845949471
0.000000 95.421470642 -7.462032318 64.785537720 -0.024455531 0.531005204 0.024739951 0.846654177
0.000000 96.006492615 -7.513859749 65.071472168 -0.023537740 0.530293226 0.025097253 0.847115815
0.000000 96.598266602 -7.561484337 65.368354797 -0.024001643 0.529393852 0.024296593 0.847688496
0.000000 97.168632507 -7.601304054 65.648094177 -0.023416510 0.528507054 0.024801010 0.848243415
0.000000 97.750366211 -7.637540817 65.934432983 -0.023959700 0.527115047 0.025682097 0.849067807
0.000000 98.306793213 -7.673403740 66.191963196 -0.022629479 0.525388002 0.027984736 0.850101292
0.000000 98.844383240 -7.725207329 66.444435120 -0.021399941 0.523720145 0.028602252 0.851141155
0.000000 99.392646790 -7.761207581 66.717880249 -0.019655216 0.522100449 0.029442996 0.852149010
0.000000 99.923553467 -7.799330235 66.987754822 -0.018618023 0.520405591 0.029869087 0.853193581
0.000000 100.412292480 -7.833347797 67.242301941 -0.018174954 0.518813848 0.030254727 0.854158401
0.000000 100.931884766 -7.862969398 67.536140442 -0.018201992 0.517605960 0.030591222 0.854878366
0.000000 101.409538269 -7.913465977 67.800987244 -0.017044444 0.516073048 0.031212308 0.855805993
0.000000 101.908988953 -7.949360371 68.059020996 -0.017412037 0.513945103 0.031892374 0.857053161
0.000000 102.396446228 -7.959224224 68.333358765 -0.017164668 0.512024641 0.033783279 0.858134568
0.000000 102.855819702 -7.997702599 68.608192444 -0.018536206 0.509753406 0.034770116 0.859417796
0.000000 103.328964233 -8.040580750 68.876182556 -0.021309575 0.507038832 0.036208615 0.860898614
0.000000 103.820884705 -8.083590508 69.172904968 -0.024764335 0.504071951 0.037502419 0.862491667
0.000000 104.262268066 -8.122639656 69.373466492 -0.027861197 0.500052094 0.038395338 0.864695072
0.000000 104.728668213 -8.171467781 69.624092102 -0.030019123 0.496293515 0.039000463 0.866758645
0.000000 105.228668213 -8.211876869 69.937995911 -0.031081939 0.493407309 0.037462264 0.868435204
0.000000 105.712478638 -8.267199516 70.200820923 -0.032300230 0.489904672 0.033952229 0.870515585
0.000000 106.183601379 -8.310010910 70.452774048 -0.033046126 0.486215979 0.029895017 0.872701705
0.000000 106.673713684 -8.355035782 70.751426697 -0.034042299 0.482781887 0.025993526 0.874692619
0.000000 107.175765991 -8.395236015 71.086914062 -0.034130827 0.479604572 0.023898363 0.876495004
0.000000 107.621475220 -8.446480751 71.355316162 -0.035919592 0.475712001 0.023424145 0.878555179
0.000000 108.148162842 -8.490565300 71.748695374 -0.038266074 0.472832054 0.023478154 0.880008161
0.000000 108.647300720 -8.525111198 71.978233337 -0.040187467 0.468076289 0.023826236 0.882452190
0.000000 109.167999268 -8.570095062 72.325050354 -0.041161053 0.464215219 0.023996675 0.884440064
0.000000 109.670806885 -8.600605011 72.649147034 -0.042075317 0.460122675 0.023331402 0.886550844
0.000000 110.158340454 -8.666447639 72.972595215 -0.043746158 0.455729455 0.021218125 0.888789475
0.000000 110.681762695 -8.701069832 73.339096069 -0.042678721 0.451397032 0.020499455 0.891066253
0.000000 111.219436646 -8.738774300 73.787513733 -0.042204563 0.447746247 0.019704433 0.892946720
0.000000 111.772880554 -8.780824661 74.231216431 -0.042551268 0.443526834 0.019507203 0.895037889
0.000000 112.345756531 -8.823434830 74.696434021 -0.044467621 0.438915789 0.018440295 0.897237718
0.000000 112.898307800 -8.871479034 75.149383545 -0.044731565 0.434505910 0.018560309 0.899366021
0.000000 113.511215210 -8.907314301 75.659873962 -0.045530427 0.430459023 0.018288154 0.901275516
0.000000 114.113548279 -8.954933167 76.154556274 -0.045195367 0.427426308 0.017898604 0.902742386
0.000000 114.712272644 -8.999553680 76.648963928 -0.044452708 0.425309926 0.018078364 0.903774679
0.000000 115.319023132 -9.045807838 77.138381958 -0.042492218 0.423023432 0.018803980 0.904926538
0.000000 115.926345825 -9.095278740 77.629814148 -0.039874975 0.420865148 0.019978179 0.906026185
0.000000 116.570701599 -9.140876770 78.185432434 -0.036188032 0.419130713 0.021051379 0.906960130
0.000000 117.202735901 -9.189634323 78.740287781 -0.032921892 0.417319208 0.021206181 0.907915831
0.000000 117.808792114 -9.243442535 79.270645142 -0.029989822 0.415526241 0.021194937 0.908839524
0.000000 118.434944153 -9.298564911 79.805313110 -0.029173272 0.413316160 0.020595545 0.909887075
0.000000 119.071113586 -9.341500282 80.371658325 -0.029948303 0.411510140 0.021206884 0.910666108
0.000000 119.677734375 -9.373943329 80.953498840 -0.033108074 0.409614295 0.020855814 0.911419272
0.000000 120.315437317 -9.418731689 81.551498413 -0.036011573 0.407573730 0.019295221 0.912257969
0.000000 120.977844238 -9.467641830 82.160957336 -0.034979910 0.405804008 0.017387200 0.913124979
0.000000 121.629669189 -9.514828682 82.782478333 -0.035195440 0.403695077 0.013766913 0.914112747
0.000000 122.290344238 -9.555346489 83.401046753 -0.033426322 0.401754409 0.010833355 0.915073097
0.000000 122.948455811 -9.597502708 84.020446777 -0.031695295 0.399076611 0.009623447 0.916319132
0.000000 123.578033447 -9.636022568 84.618583679 -0.030152850 0.396511137 0.011098333 0.917467475
0.000000 124.235702515 -9.669886589 85.232879639 -0.026699375 0.393480957 0.015884627 0.918807685
0.000000 124.901237488 -9.704995155 85.864311218 -0.025885239 0.390028834 0.020789258 0.920203924
0.000000 125.558143616 -9.741362572 86.497817993 -0.025327753 0.386416286 0.023259763 0.921683252
0.000000 126.210433960 -9.792388916 87.143035889 -0.023544703 0.382594973 0.022197338 0.923349321
0.000000 126.816390991 -9.831082344 87.787055969 -0.021604722 0.379319251 0.021579534 0.924761891
0.000000 127.463897705 -9.867621422 88.455604553 -0.019823181 0.375813007 0.023170540 0.926193714
0.000000 128.104644775 -9.874215126 89.147705078 -0.021234270 0.373056948 0.026811320 0.927177846
0.000000 128.727722168 -9.919754028 89.824737549 -0.022027520 0.370774269 0.027519481 0.928053856
0.000000 129.365097046 -9.978877068 90.505317688 -0.020639271 0.368632078 0.027392752 0.928942442
0.000000 130.015502930 -10.039274216 91.208358765 -0.017800933 0.366873056 0.026222112 0.929730952
0.000000 130.655212402 -10.086952209 91.902313232 -0.015970230 0.366174042 0.025582979 0.930057526
0.000000 131.303039551 -10.147035599 92.599967957 -0.013920298 0.365832001 0.024638858 0.930250585
0.000000 131.942871094 -10.195556641 93.284263611 -0.013372133 0.365473837 0.024144324 0.930412352
0.000000 132.558776855 -10.259064674 93.974708557 -0.014240433 0.365930676 0.022786641 0.930254161
0.000000 133.200531006 -10.301898956 94.672355652 -0.015252441 0.366211981 0.023337470 0.930113792
0.000000 133.813034058 -10.346666336 95.339706421 -0.017417172 0.366960615 0.023108399 0.929786325
0.000000 134.409240723 -10.424688339 95.992675781 -0.019701408 0.368372828 0.022710001 0.929191947
0.000000 135.039993286 -10.470239639 96.677337646 -0.021659829 0.369719297 0.021678738 0.928637981
0.000000 135.663543701 -10.512462616 97.337722778 -0.022487128 0.371172220 0.021192826 0.928049803
0.000000 136.316894531 -10.558588028 98.027030945 -0.022317177 0.372498959 0.020218765 0.927543879
0.000000 136.952331543 -10.605543137 98.707496643 -0.022476522 0.374280006 0.018408753 0.926860511
0.000000 137.546478271 -10.668382645 99.407371521 -0.021294186 0.377396703 0.017542485 0.925640643
0.000000 138.187942505 -10.706750870 100.060295105 -0.022375192 0.379083306 0.020012459 0.924875498
0.000000 138.810928345 -10.738130569 100.691772461 -0.026792141 0.381048799 0.023263926 0.923873842
0.000000 139.454650879 -10.785811424 101.355468750 -0.029492805 0.383411378 0.025862491 0.922744274
0.000000 140.097625732 -10.835061073 101.996604919 -0.029852120 0.385834843 0.023606643 0.921782553
0.000000 140.707412720 -10.898188591 102.620277405 -0.030548325 0.388439536 0.020200700 0.920746148
0.000000 141.351165771 -10.944159508 103.251693726 -0.030712755 0.390657157 0.017754413 0.919852436
0.000000 141.988861084 -10.994376183 103.868385315 -0.030627487 0.392632484 0.017942674 0.919010222
0.000000 142.618988037 -11.059044838 104.486251831 -0.030090025 0.394979298 0.017457765 0.918031216
0.000000 143.266204834 -11.112092972 105.102828979 -0.029039655 0.397008240 0.019183304 0.917154968
0.000000 143.874679565 -11.162491798 105.708580017 -0.028778061 0.399795741 0.020453246 0.915924132
0.000000 144.449661255 -11.239520073 106.343124390 -0.028864661 0.403379619 0.021747708 0.914318740
0.000000 145.031936646 -11.304719925 106.898864746 -0.029768392 0.406331360 0.020985445 0.912999630
0.000000 145.744140625 -11.358651161 107.603019714 -0.030880895 0.409281254 0.020688668 0.911650836
0.000000 146.390075684 -11.376579285 108.163070679 -0.029485730 0.412101597 0.021723028 0.910401523
0.000000 147.063232422 -11.424103737 108.750022888 -0.030966908 0.415499657 0.021692825 0.908807158
0.000000 147.734420776 -11.478588104 109.326377869 -0.034173805 0.418963015 0.023460697 0.907056689
0.000000 148.417526245 -11.550832748 109.944641113 -0.036904018 0.419027925 0.022197338 0.906951487
0.000000 149.094360352 -11.599446297 110.519378662 -0.037519302 0.422781646 0.023551349 0.905148268
0.000000 149.808105469 -11.648913383 111.108596802 -0.036373675 0.426819503 0.019738810 0.903389454
0.000000 150.516723633 -11.696539879 111.698013306 -0.036794633 0.430929631 0.013921903 0.901527584
0.000000 151.243728638 -11.736153603 112.265602112 -0.035182942 0.434941500 0.011591539 0.899696469
0.000000 151.936050415 -11.800569534 112.816703796 -0.037214030 0.439031005 0.008783126 0.897657931
0.000000 152.642593384 -11.862566948 113.325241089 -0.037456892 0.443392575 0.009816608 0.895490766
0.000000 153.415512085 -11.906767845 113.897926331 -0.036002465 0.447071135 0.012885214 0.893680692
0.000000 154.090576172 -11.930542946 114.374938965 -0.038165085 0.450559884 0.018341444 0.891741455
0.000000 154.776885986 -11.973244667 114.915290833 -0.037715577 0.455043435 0.020882946 0.889425039
0.000000 155.545257568 -12.035434723 115.465034485 -0.035887428 0.458946675 0.019887723 0.887515962
0.000000 156.276672363 -12.102945328 115.953018188 -0.033112571 0.462984473 0.018531384 0.885553777
0.000000 157.048095703 -12.154928207 116.488243103 -0.032848489 0.466831684 0.018314211 0.883546174
0.000000 157.827667236 -12.193295479 117.028526306 -0.034263507 0.470812291 0.018550269 0.881372631
0.000000 158.441268921 -12.255088806 117.471221924 -0.032458775 0.474596351 0.019416474 0.879390597
0.000000 159.057846069 -12.318998337 117.880279541 -0.029636450 0.477763295 0.018499594 0.877793670
0.000000 159.829589844 -12.362377167 118.384994507 -0.029284157 0.480574191 0.017674079 0.876286805
0.000000 160.485260010 -12.434279442 118.819587708 -0.029626645 0.483142912 0.015548999 0.874902010
0.000000 161.059890747 -12.503053665 119.156753540 -0.030377364 0.485586613 0.016141923 0.873511493
0.000000 161.722488403 -12.570685387 119.551628113 -0.030490467 0.487260103 0.017851088 0.872541845
0.000000 162.456024170 -12.610576630 119.992141724 -0.032220550 0.488515258 0.020942442 0.871708751
0.000000 163.185928345 -12.663106918 120.439041138 -0.033667292 0.490132421 0.021117106 0.870741546
0.000000 163.833404541 -12.735782623 120.835327148 -0.032464966 0.491760582 0.018291412 0.869932771
0.000000 164.545806885 -12.787956238 121.288528442 -0.030549301 0.493362755 0.014978878 0.869157970
0.000000 165.264984131 -12.837863922 121.705932617 -0.027795332 0.494757444 0.014638262 0.868463159
0.000000 165.953948975 -12.882270813 122.083267212 -0.025655102 0.495936602 0.016600665 0.867820919
0.000000 166.652374268 -12.926249504 122.491081238 -0.025875162 0.497009128 0.018630026 0.867159367
0.000000 167.268310547 -12.990954399 122.808326721 -0.028008156 0.497508556 0.021173131 0.866748214
0.000000 167.908950806 -13.047980309 123.175506592 -0.030477270 0.498290330 0.024669383 0.866123199
0.000000 168.591827393 -13.099681854 123.567123413 -0.029772896 0.499453694 0.027201692 0.865401447
0.000000 169.270584106 -13.147086143 123.961158752 -0.028168369 0.500896513 0.023791188 0.864721477
0.000000 169.891876221 -13.201888084 124.308280945 -0.026930824 0.502389848 0.016821804 0.864058018
0.000000 170.561904907 -13.249546051 124.735450745 -0.028434785 0.504147053 0.011195252 0.863076985
0.000000 171.172607422 -13.296230316 125.068595886 -0.028387057 0.504921436 0.012298243 0.862610698
0.000000 171.790588379 -13.331624985 125.408142090 -0.028181592 0.506060064 0.014960462 0.861907899
0.000000 172.383605957 -13.368011475 125.722328186 -0.027947973 0.507184029 0.016833317 0.861220062
0.000000 172.960433960 -13.414862633 126.004600525 -0.027005419 0.508158743 0.016458230 0.860682607
0.000000 173.522918701 -13.460843086 126.322158813 -0.027316488 0.509414911 0.015478401 0.859948039
0.000000 174.125961304 -13.503561020 126.649185181 -0.026852695 0.510452926 0.015288546 0.859350443
0.000000 174.748886108 -13.540028572 126.984367371 -0.026501913 0.511888444 0.016343296 0.858487546
0.000000 175.356216431 -13.578353882 127.306030273 -0.026694633 0.513611138 0.017520389 0.857428789
0.000000 175.952087402 -13.619056702 127.619415283 -0.027206074 0.515604436 0.018367425 0.856197715
0.000000 176.507034302 -13.660064697 127.905776978 -0.027687099 0.517822921 0.019280544 0.854822338
0.000000 177.025985718 -13.709854126 128.166641235 -0.028118070 0.520178497 0.020353191 0.853351951
0.000000 177.619384766 -13.749828339 128.468444824 -0.028669117 0.522807956 0.022290453 0.851676583
0.000000 178.159088135 -13.796733856 128.748504639 -0.029571770 0.525880396 0.023936367 0.849707246
0.000000 178.731994629 -13.851818085 129.025360107 -0.030715665 0.528822124 0.024328463 0.847827733
0.000000 179.297744751 -13.894471169 129.311508179 -0.032762635 0.531871796 0.022962201 0.845879257
0.000000 179.862289429 -13.938439369 129.597381592 -0.034871753 0.535004675 0.021531833 0.843854427
0.000000 180.379745483 -13.990323067 129.830642700 -0.034926619 0.537799537 0.021906095 0.842064083
0.000000 180.897872925 -14.034733772 130.103546143 -0.037142690 0.541389823 0.022208076 0.839657187
0.000000 181.495849609 -14.079797745 130.387054443 -0.039933413 0.544919729 0.022820620 0.837225795
0.000000 182.176651001 -14.061835289 130.694198608 -0.043457717 0.548168659 0.025177279 0.834858477
0.000000 182.808471680 -14.119900703 130.970169067 -0.044874582 0.551349044 0.025507146 0.832676351
0.000000 183.440673828 -14.185713768 131.234405518 -0.045735985 0.554656625 0.026365209 0.830402970
0.000000 184.115051270 -14.246294975 131.508972168 -0.046830475 0.557842493 0.026764316 0.828192234
0.000000 184.808944702 -14.306390762 131.786178589 -0.046154525 0.561128020 0.028463593 0.825950921
0.000000 185.503265381 -14.372073174 132.052169800 -0.045365836 0.564356089 0.028777024 0.823781550
0.000000 186.190872192 -14.438299179 132.314407349 -0.044321947 0.567714512 0.028044043 0.821552992
0.000000 186.890380859 -14.484706879 132.603973389 -0.045548096 0.571500599 0.026165793 0.818918705
0.000000 187.648773193 -14.536715508 132.898696899 -0.045067925 0.574786365 0.024431149 0.816696227
0.000000 188.323211670 -14.603542328 133.149795532 -0.043663990 0.577763438 0.023805901 0.814687788
0.000000 189.076950073 -14.668206215 133.409469604 -0.042267188 0.579994559 0.020923221 0.813253999
0.000000 189.851791382 -14.721000671 133.685440063 -0.040469579 0.582567394 0.019331099 0.811544120
0.000000 190.384994507 -14.753296852 133.930709839 -0.039201874 0.585203290 0.020778148 0.809671998
0.000000 191.168914795 -14.808485985 134.194290161 -0.040977463 0.587218106 0.025671363 0.807983220
0.000000 191.885620117 -14.881026268 134.419662476 -0.043080449 0.588969409 0.032425474 0.806354642
0.000000 192.722152710 -14.952967644 134.676712036 -0.043469887 0.590501428 0.037804566 0.804977834
0.000000 193.445053101 -15.024120331 134.910995483 -0.040807284 0.592574656 0.037942078 0.803586006
0.000000 194.298080444 -15.110668182 135.165100098 -0.036212318 0.594664216 0.037392192 0.802287340
0.000000 195.173706055 -15.195652008 135.425079346 -0.033641174 0.596909404 0.036223844 0.800784230
0.000000 196.025878906 -15.284875870 135.695755005 -0.036532689 0.598897517 0.037449136 0.799114943
0.000000 196.848663330 -15.361270905 135.944442749 -0.040804729 0.600526690 0.039451946 0.797587752
0.000000 197.658432007 -15.439167023 136.207351685 -0.042864759 0.602580070 0.039239671 0.795939803
0.000000 198.195373535 -15.496557236 136.469619751 -0.042370006 0.605641425 0.035939500 0.793795705
0.000000 199.085418701 -15.587792397 136.723907471 -0.042255379 0.608047128 0.033463527 0.792069137
0.000000 200.141677856 -15.661693573 137.022003174 -0.043501928 0.610318899 0.033453058 0.790252686
0.000000 201.004638672 -15.748102188 137.253967285 -0.045345467 0.612384200 0.034467954 0.788505733
0.000000 201.591125488 -15.815162659 137.461898804 -0.043659724 0.614704251 0.035852116 0.786731958
0.000000 202.406463623 -15.904961586 137.715560913 -0.041649599 0.616630495 0.037282642 0.785265744
0.000000 203.341888428 -16.004571915 137.948226929 -0.041055389 0.618281782 0.037358101 0.783993959
0.000000 204.288055420 -16.094829559 138.186813354 -0.040937442 0.620017231 0.037339553 0.782629311
0.000000 205.053909302 -16.218072891 138.392715454 -0.041022167 0.621663988 0.036236592 0.781369388
0.000000 205.917053223 -16.312234879 138.651550293 -0.042244442 0.623500407 0.034544390 0.779916227
0.000000 206.865631104 -16.405874252 138.878082275 -0.042473279 0.624936938 0.032986324 0.778820753
0.000000 207.831100464 -16.473911285 139.140777588 -0.044900972 0.626438200 0.031317636 0.777546287
0.000000 208.685592651 -16.580633163 139.318679810 -0.045685455 0.626929045 0.031808864 0.777084947
0.000000 209.602264404 -16.682752609 139.523345947 -0.046601292 0.627491653 0.031809565 0.776576281
0.000000 210.343307495 -16.819765091 139.731658936 -0.047929194 0.628832221 0.029921921 0.775485337
0.000000 211.012039185 -16.951696396 139.886245728 -0.047589421 0.629709423 0.028293466 0.774855316
0.000000 211.954879761 -17.036142349 140.089050293 -0.045875218 0.630414128 0.026732842 0.774441004
0.000000 212.887649536 -17.130027771 140.283615112 -0.044739731 0.631018281 0.027057238 0.774004102
0.000000 213.573837280 -17.227054596 140.478866577 -0.049531829 0.632814705 0.024184100 0.772338927
0.000000 214.229660034 -17.345027924 140.646484375 -0.051064804 0.633622110 0.026491791 0.771500945
0.000000 214.798751831 -17.446491241 140.771789551 -0.051748887 0.634753883 0.027129835 0.770502150
0.000000 215.588073730 -17.571315765 140.931472778 -0.052505989 0.635722458 0.026879871 0.769660652
0.000000 216.288284302 -17.694023132 141.095520020 -0.052033894 0.637248039 0.023812160 0.768531322
0.000000 216.864486694 -17.786582947 141.225173950 -0.051731464 0.638979912 0.021514524 0.767180383
0.000000 217.611648560 -17.886157990 141.348876953 -0.049486827 0.640428305 0.020429917 0.766149640
0.000000 218.344146729 -17.969150543 141.437515259 -0.049716197 0.641512811 0.020086039 0.765236020
0.000000 219.271514893 -18.060808182 141.599929810 -0.049985524 0.642998457 0.020805741 0.763951361
0.000000 220.112503052 -18.139215469 141.792465210 -0.050703287 0.645233691 0.020620132 0.762022018
0.000000 220.945083618 -18.226190567 141.925689697 -0.050689027 0.646658301 0.020565860 0.760815859
0.000000 221.781173706 -18.311477661 142.085327148 -0.050786681 0.648564279 0.019996073 0.759200513
0.000000 222.314041138 -18.362510681 142.149261475 -0.050809704 0.649963975 0.019372677 0.758017123
0.000000 223.238906860 -18.448461533 142.297210693 -0.051750042 0.651515305 0.018888583 0.756632686
0.000000 224.100357056 -18.539791107 142.431808472 -0.052798904 0.653043509 0.018279189 0.755256474
0.000000 224.997406006 -18.603809357 142.567398071 -0.053733405 0.654537916 0.017193291 0.753921211
0.000000 225.925933838 -18.685613632 142.711608887 -0.055660047 0.656035364 0.015796673 0.752509117
0.000000 226.848342896 -18.774761200 142.862823486 -0.058835104 0.657289743 0.015584894 0.751176238
0.000000 227.533218384 -18.848394394 143.035629272 -0.061695043 0.658790469 0.016133152 0.749619007
0.000000 228.301147461 -18.935377121 143.170913696 -0.063518800 0.660256386 0.015769292 0.748183250
0.000000 229.234939575 -19.051309586 143.296066284 -0.063105389 0.661521316 0.013997159 0.747135401
0.000000 230.130935669 -19.142864227 143.415405273 -0.061858822 0.662949860 0.012871329 0.745992839
0.000000 230.958297729 -19.234048843 143.529327393 -0.060908560 0.664458573 0.011492776 0.744750202
0.000000 231.769073486 -19.319986343 143.644653320 -0.060890213 0.665889084 0.011093634 0.743479073
0.000000 232.495285034 -19.454736710 143.732070923 -0.061577186 0.667270303 0.010033557 0.742198110
0.000000 233.397521973 -19.537277222 143.833847046 -0.062563755 0.668838561 0.010653740 0.740693808
0.000000 234.228927612 -19.617076874 143.939727783 -0.063891999 0.670503378 0.011662667 0.739058197
0.000000 235.071121216 -19.701044083 144.024948120 -0.059486583 0.672767520 0.013186420 0.737340808
0.000000 235.847640991 -19.812067032 144.056671143 -0.056924570 0.674281716 0.011781524 0.736182690
0.000000 236.772720337 -19.902881622 144.145538330 -0.056851622 0.676329076 0.012859168 0.734289885
0.000000 237.631729126 -19.987812042 144.222610474 -0.060491230 0.677531600 0.018080423 0.732778847
0.000000 238.288467407 -20.083150864 144.299530029 -0.064500153 0.679295003 0.023532674 0.730646431
0.000000 238.849533081 -20.195430756 144.278274536 -0.066489227 0.680976868 0.024300272 0.728875279
0.000000 239.653091431 -20.302524567 144.310379028 -0.065716252 0.682949185 0.021021275 0.727200091
0.000000 240.304000854 -20.461965561 144.233459473 -0.063530304 0.684275508 0.017777899 0.726233423
0.000000 241.140365601 -20.569633484 144.282653809 -0.062413275 0.686239719 0.015571981 0.724525452
0.000000 241.680236816 -20.622268677 144.308670044 -0.063651681 0.688109100 0.014362339 0.722667277
0.000000 242.592422485 -20.708173752 144.365737915 -0.064681485 0.690791428 0.011944816 0.720056117
0.000000 243.427734375 -20.821559906 144.378845215 -0.064037718 0.693181098 0.009412088 0.717851341
0.000000 244.319229126 -20.909156799 144.415603638 -0.063711703 0.695817471 0.007584094 0.715347052
0.000000 245.166473389 -21.012073517 144.408981323 -0.062673569 0.698061526 0.009785442 0.713222563
0.000000 245.887969971 -21.129562378 144.375793457 -0.061477643 0.699510932 0.013034686 0.711853266
0.000000 246.619689941 -21.276182175 144.346710205 -0.059947964 0.701351762 0.015187824 0.710127771
0.000000 247.306335449 -21.391839981 144.335800171 -0.058346033 0.703427732 0.015085441 0.708207309
0.000000 247.897064209 -21.500455856 144.367523193 -0.057721835 0.705845833 0.013477580 0.705881178
0.000000 248.635574341 -21.678443909 144.363891602 -0.054647841 0.707788944 0.014255074 0.704162776
0.000000 249.261962891 -21.789062500 144.361541748 -0.054323073 0.709605694 0.015404093 0.702332914
0.000000 249.945495605 -21.895946503 144.329101562 -0.054597102 0.710841119 0.016911918 0.701026499
0.000000 250.546417236 -22.027305603 144.304153442 -0.053226721 0.711842418 0.017896941 0.700090826
0.000000 251.431900024 -22.111022949 144.288543701 -0.051107973 0.712903380 0.019340733 0.699129999
0.000000 252.181091309 -22.215650558 144.290817261 -0.050019044 0.713990808 0.018043296 0.698132992
0.000000 253.014694214 -22.265516281 144.290756226 -0.049142662 0.714899361 0.018103072 0.697263360
0.000000 253.622634888 -22.350543976 144.389251709 -0.048342310 0.716645539 0.017322805 0.695544481
0.000000 254.454803467 -22.425071716 144.367553711 -0.048355870 0.717021883 0.018462908 0.695126176
0.000000 255.037643433 -22.501974106 144.423309326 -0.047697168 0.717761040 0.019359598 0.694384098
0.000000 255.914352417 -22.582406998 144.393859863 -0.047231276 0.717592478 0.021086035 0.694539905
0.000000 256.764526367 -22.667169571 144.366744995 -0.046659611 0.717184246 0.022300145 0.694962144
0.000000 257.711212158 -22.688177109 144.332778931 -0.049205087 0.716651678 0.023518423 0.695295691
0.000000 258.299468994 -22.798347473 144.361160278 -0.047097158 0.716354966 0.024324788 0.695719600
0.000000 259.039001465 -22.879955292 144.370605469 -0.046269000 0.715899408 0.024042277 0.696253777
0.000000 259.761810303 -22.963703156 144.333190918 -0.044618662 0.714729011 0.024089951 0.697560966
0.000000 260.315704346 -23.026592255 144.342071533 -0.042900030 0.713765383 0.023101626 0.698688030
0.000000 261.065826416 -23.112165451 144.321289062 -0.041338962 0.712400913 0.022243274 0.700200856
0.000000 261.675292969 -23.170932770 144.341445923 -0.041451816 0.711452723 0.020304810 0.701216459
0.000000 262.317260742 -23.211040497 144.357757568 -0.043824606 0.710112453 0.018406328 0.702482045
0.000000 263.075897217 -23.271276474 144.371948242 -0.045425575 0.708822012 0.017863605 0.703696489
0.000000 263.792938232 -23.342267990 144.358215332 -0.044847675 0.707058370 0.018140076 0.705498457
0.000000 264.514404297 -23.395156860 144.371078491 -0.044581242 0.705957174 0.016913678 0.706647635
0.000000 265.073608398 -23.452211380 144.459411621 -0.044510491 0.705573440 0.014594934 0.707086921
0.000000 265.607696533 -23.514339447 144.500778198 -0.044783175 0.704645157 0.012624102 0.708032787
0.000000 266.316711426 -23.574361801 144.511810303 -0.044709746 0.703258336 0.013311263 0.709402323
0.000000 266.995483398 -23.620464325 144.523239136 -0.045224048 0.701725423 0.013818770 0.710876465
0.000000 267.460266113 -23.708732605 144.590484619 -0.045210037 0.701238036 0.013964118 0.711355269
0.000000 268.147369385 -23.768100739 144.605590820 -0.046478342 0.699890912 0.014664705 0.712585032
0.000000 268.750122070 -23.828163147 144.616882324 -0.047220230 0.698621988 0.013908518 0.713795602
0.000000 269.296173096 -23.870626450 144.672683716 -0.048585057 0.697751105 0.013060383 0.714571476
0.000000 269.797912598 -23.948104858 144.699722290 -0.048758496 0.696604073 0.012291578 0.715691447
0.000000 270.422454834 -24.005746841 144.723861694 -0.048661981 0.695394635 0.011959776 0.716878831
0.000000 270.864318848 -24.102800369 144.758865356 -0.048475444 0.694403887 0.011552265 0.717857957
0.000000 271.418395996 -24.157892227 144.802337646 -0.050360478 0.693249345 0.011559356 0.718843222
0.000000 271.976745605 -24.203756332 144.833724976 -0.050806187 0.692343593 0.010751200 0.719696820
0.000000 272.422271729 -24.305124283 144.875106812 -0.050789464 0.691309988 0.009879403 0.720703363
0.000000 272.949737549 -24.352445602 144.900802612 -0.050787412 0.690315783 0.009308612 0.721663415
0.000000 273.435333252 -24.404048920 144.919631958 -0.050432775 0.689187109 0.009929804 0.722758055
0.000000 273.880615234 -24.452161789 144.951904297 -0.051062610 0.688038409 0.009690569 0.723810673
0.000000 274.404052734 -24.494884491 145.004867554 -0.052330304 0.688633144 0.009457889 0.723157287
0.000000 274.805236816 -24.546436310 145.044570923 -0.052759521 0.687866032 0.009745005 0.723852158
0.000000 275.224060059 -24.590927124 145.042633057 -0.053395405 0.686769247 0.009948544 0.724843502
0.000000 275.580505371 -24.661231995 145.070205688 -0.053925242 0.686280966 0.009434227 0.725273430
0.000000 275.970184326 -24.720956802 145.098907471 -0.054850880 0.685723901 0.009380370 0.725731432
0.000000 276.370178223 -24.763151169 145.116394043 -0.055309981 0.685301542 0.009765626 0.726090431
0.000000 276.799591064 -24.809843063 145.137939453 -0.055058040 0.685095966 0.010500886 0.726293266
0.000000 277.245361328 -24.857332230 145.166076660 -0.055111606 0.685311258 0.010602565 0.726084650
0.000000 277.719512939 -24.897335052 145.196426392 -0.055394374 0.685604155 0.009886942 0.725796521
0.000000 278.138610840 -24.951286316 145.214691162 -0.054459784 0.685978234 0.009577660 0.725517988
0.000000 278.621307373 -24.990289688 145.259399414 -0.055275485 0.686872423 0.010066177 0.724603117
0.000000 279.127746582 -25.046730042 145.283493042 -0.055259172 0.687476158 0.012093590 0.724000573
0.000000 279.624328613 -25.099599838 145.308502197 -0.055404458 0.688105345 0.015420047 0.723328173
0.000000 280.009887695 -25.173171997 145.335556030 -0.056149691 0.688926637 0.017334845 0.722445011
0.000000 280.482360840 -25.241725922 145.366958618 -0.057168670 0.689764798 0.017693037 0.721556127
0.000000 280.899291992 -25.320995331 145.396209717 -0.056816094 0.690647542 0.017217541 0.720750630
0.000000 281.494720459 -25.349704742 145.408355713 -0.055432692 0.691135764 0.018351192 0.720362246
0.000000 282.030212402 -25.410039902 145.427947998 -0.051049184 0.692085147 0.019835580 0.719735146
0.000000 282.536743164 -25.457601547 145.463867188 -0.051009912 0.693077147 0.019962136 0.718779206
0.000000 283.109527588 -25.507991791 145.491577148 -0.053734928 0.693878472 0.019589148 0.717817187
0.000000 283.708587646 -25.557397842 145.518463135 -0.055109039 0.694323361 0.019422997 0.717287183
0.000000 284.266326904 -25.618188858 145.553939819 -0.053372934 0.695382476 0.020269923 0.716368496
0.000000 284.894226074 -25.671615601 145.570465088 -0.051290452 0.695989668 0.021396108 0.715897977
0.000000 285.516326904 -25.738910675 145.585617065 -0.050819382 0.696575046 0.021884317 0.715347230
0.000000 286.097167969 -25.804559708 145.599639893 -0.052367881 0.697357953 0.021091687 0.714496076
0.000000 286.636718750 -25.886423111 145.613479614 -0.053053983 0.697872221 0.021255312 0.713938296
0.000000 287.289001465 -25.942287445 145.635498047 -0.054830913 0.698297918 0.021899974 0.713368118
0.000000 287.958374023 -26.002893448 145.647048950 -0.055522271 0.698667824 0.023247264 0.712909579
0.000000 288.616668701 -26.079816818 145.662490845 -0.055475555 0.699104428 0.021880914 0.712528467
0.000000 289.289245605 -26.148584366 145.678848267 -0.056399390 0.699518919 0.020276904 0.712096393
0.000000 289.925170898 -26.223810196 145.716018677 -0.057743520 0.700469613 0.019514460 0.711074769
0.000000 290.642639160 -26.295387268 145.723495483 -0.057030357 0.700684190 0.023428597 0.710802615
0.000000 291.381072998 -26.372032166 145.737045288 -0.058550246 0.701149821 0.026140723 0.710124969
0.000000 292.094604492 -26.453741074 145.753051758 -0.059811588 0.701549411 0.027516229 0.709573030
0.000000 292.826446533 -26.537000656 145.757888794 -0.057509109 0.701869488 0.028155936 0.709421754
0.000000 293.587677002 -26.622491837 145.762420654 -0.053826366 0.702476561 0.027861729 0.709121406
0.000000 294.310882568 -26.733745575 145.767837524 -0.050416220 0.702899158 0.027521104 0.708966553
0.000000 295.059356689 -26.791324615 145.769287109 -0.050104771 0.703256726 0.028842712 0.708581388
0.000000 295.909881592 -26.858251572 145.776519775 -0.050177731 0.703194499 0.029461462 0.708612502
0.000000 296.662658691 -26.910690308 145.813735962 -0.051424790 0.703786194 0.029808661 0.707920849
0.000000 297.363525391 -27.010263443 145.834335327 -0.050479136 0.704225242 0.029394116 0.707569540
0.000000 298.109252930 -27.095581055 145.843795776 -0.048817903 0.703997612 0.029320518 0.707915664
0.000000 298.896209717 -27.162656784 145.844024658 -0.048138909 0.703659713 0.029395638 0.708294868
0.000000 299.658081055 -27.238725662 145.841522217 -0.047628075 0.703095794 0.029495077 0.708885014
0.000000 300.457733154 -27.303880692 145.852539062 -0.047309771 0.702588618 0.028785829 0.709438205
0.000000 301.355377197 -27.384971619 145.869918823 -0.046670627 0.701984107 0.028396241 0.710094273
0.000000 302.178924561 -27.460237503 145.894515991 -0.045880090 0.701444626 0.028337145 0.710680962
0.000000 302.754425049 -27.561784744 145.973663330 -0.046578586 0.701673985 0.026962070 0.710462689
0.000000 303.591674805 -27.639263153 145.987915039 -0.046629582 0.700819373 0.027207170 0.711292982
0.000000 304.370758057 -27.751636505 145.976821899 -0.045000758 0.699509501 0.027574927 0.712671816
0.000000 305.251525879 -27.829793930 145.999176025 -0.044101354 0.698633671 0.027747847 0.713579834
0.000000 306.104187012 -27.914514542 146.023757935 -0.043265790 0.697626889 0.027763415 0.714614570
0.000000 306.855194092 -28.026239395 146.109344482 -0.043314151 0.697076738 0.027869483 0.715144217
0.000000 307.636871338 -28.114068985 146.146453857 -0.045527648 0.696578562 0.026809655 0.715532601
0.000000 308.542907715 -28.199695587 146.173141479 -0.045865797 0.695441186 0.027088335 0.716606021
0.000000 309.248504639 -28.329082489 146.206848145 -0.045872297 0.694481075 0.026601247 0.717554271
0.000000 310.110504150 -28.417045593 146.224288940 -0.046184383 0.693246603 0.026619447 0.718726397
0.000000 310.857849121 -28.562728882 146.258636475 -0.045681380 0.692353845 0.025840299 0.719646871
0.000000 311.738128662 -28.663702011 146.288681030 -0.044853326 0.691646934 0.025478799 0.720391333
0.000000 312.577056885 -28.788179398 146.331787109 -0.043109145 0.690992475 0.024520034 0.721158624
0.000000 313.385650635 -28.904741287 146.377563477 -0.040627599 0.690590799 0.024226269 0.721697271
0.000000 314.315490723 -28.982660294 146.453643799 -0.039808773 0.690369964 0.024711326 0.721937656
0.000000 315.284210205 -29.060913086 146.490402222 -0.039878711 0.690035224 0.026457736 0.722191870
0.000000 316.204284668 -29.131305695 146.537094116 -0.040393654 0.689902127 0.025565207 0.722322524
0.000000 317.041992188 -29.224231720 146.579956055 -0.041154172 0.689558089 0.023615163 0.722674429
0.000000 317.993194580 -29.302307129 146.629867554 -0.041289371 0.689551175 0.022044087 0.722722948
0.000000 318.913940430 -29.382120132 146.681625366 -0.042125400 0.689301610 0.021930229 0.722916186
0.000000 319.838317871 -29.458614349 146.730972290 -0.042551093 0.689199269 0.022264702 0.722978592
0.000000 320.754211426 -29.535057068 146.778518677 -0.042879011 0.689096153 0.022296134 0.723056555
0.000000 321.655364990 -29.610952377 146.832489014 -0.043939039 0.689034998 0.021673927 0.723070085
0.000000 322.550598145 -29.695283890 146.879577637 -0.044131584 0.688929558 0.021788782 0.723155439
0.000000 323.430786133 -29.778245926 146.932601929 -0.043845683 0.688813567 0.021809973 0.723282695
0.000000 324.307617188 -29.852199554 146.992660522 -0.043347165 0.688795149 0.021345906 0.723344028
0.000000 325.047088623 -29.940227509 147.046615601 -0.045056023 0.688895583 0.020299308 0.723174155
0.000000 325.909301758 -30.025945663 147.108520508 -0.045553003 0.688905239 0.021088155 0.723111212
0.000000 326.843750000 -30.090398788 147.141525269 -0.045652341 0.688600242 0.022624541 0.723349035
0.000000 327.755950928 -30.166137695 147.206115723 -0.043553282 0.688444138 0.022194989 0.723640263
0.000000 328.633941650 -30.245529175 147.259613037 -0.042043965 0.688038170 0.021486456 0.724136829
0.000000 329.536529541 -30.321382523 147.311172485 -0.041534591 0.687276602 0.023380848 0.724830389
0.000000 330.339691162 -30.408077240 147.354034424 -0.041602343 0.685984731 0.027283465 0.725913107
0.000000 331.267333984 -30.482242584 147.408340454 -0.041566692 0.684760630 0.029623125 0.726978421
0.000000 332.126037598 -30.556098938 147.467071533 -0.040597692 0.683609068 0.030681930 0.728072226
0.000000 332.859985352 -30.665374756 147.485580444 -0.038459703 0.682027757 0.031157356 0.729649425
0.000000 333.612579346 -30.771926880 147.523956299 -0.037507582 0.680509806 0.033126295 0.731028199
0.000000 334.379302979 -30.855245590 147.589965820 -0.038336299 0.679314971 0.032176588 0.732138097
0.000000 335.249542236 -30.950109482 147.666824341 -0.036886249 0.677984536 0.030840818 0.733502030
0.000000 336.151458740 -31.043125153 147.741577148 -0.035566900 0.676088333 0.028612146 0.735405266
0.000000 337.031188965 -31.119794846 147.818084717 -0.035472088 0.674359322 0.027597342 0.737034380
0.000000 337.905487061 -31.203575134 147.838317871 -0.035053745 0.671739817 0.027009834 0.739464343
0.000000 338.901733398 -31.254283905 147.963912964 -0.035989631 0.669814050 0.026078230 0.741197586
0.000000 339.678680420 -31.344276428 148.020843506 -0.034870472 0.666915476 0.026397971 0.743848801
0.000000 340.570556641 -31.410940170 148.130966187 -0.035507988 0.664071798 0.026607409 0.746351123
0.000000 341.348144531 -31.489156723 148.261917114 -0.037728615 0.661398470 0.025147373 0.748662949
0.000000 342.220703125 -31.555158615 148.389572144 -0.038752276 0.657914519 0.024904139 0.751682460
0.000000 343.116455078 -31.624332428 148.529449463 -0.039369520 0.654294670 0.024534615 0.754815578
0.000000 344.029449463 -31.693223953 148.680236816 -0.039965495 0.650738776 0.024040727 0.757868052
0.000000 344.911376953 -31.761013031 148.841323853 -0.040628515 0.647223949 0.023290170 0.760860085
0.000000 345.840179443 -31.832403183 149.011016846 -0.041160509 0.643764019 0.022593563 0.763782203
0.000000 346.719970703 -31.906394958 149.176727295 -0.041367251 0.640590489 0.022021430 0.766451359
0.000000 347.498596191 -31.993103027 149.311508179 -0.040905945 0.637559056 0.021518681 0.769013822
0.000000 348.202606201 -32.082641602 149.444152832 -0.040352691 0.635093212 0.021326352 0.771085978
0.000000 348.915161133 -32.203388214 149.634277344 -0.041297670 0.633304417 0.020342937 0.772532284
0.000000 349.658233643 -32.304538727 149.744293213 -0.040064361 0.630959451 0.020375140 0.774512708
0.000000 350.280120850 -32.419151306 149.917602539 -0.039955985 0.629499972 0.019219000 0.775734484
0.000000 351.177307129 -32.485015869 150.110839844 -0.039889362 0.627722263 0.019256569 0.777176261
0.000000 352.037475586 -32.562587738 150.340728760 -0.039336577 0.626091480 0.019690059 0.778507829
0.000000 352.869384766 -32.637756348 150.528228760 -0.038918994 0.624298871 0.019552220 0.779970467
0.000000 353.611602783 -32.715366364 150.702117920 -0.038187332 0.622485518 0.018743260 0.781474411
0.000000 354.501861572 -32.776412964 150.920318604 -0.038063042 0.620727837 0.017707771 0.782901406
0.000000 355.365692139 -32.841583252 151.134185791 -0.037012074 0.618839800 0.016989276 0.784460843
0.000000 356.092041016 -32.947933197 151.307922363 -0.035336353 0.616885185 0.016139155 0.786093950
0.000000 356.597747803 -33.061626434 151.476104736 -0.033620570 0.615258992 0.015068640 0.787463725
0.000000 357.505065918 -33.117568970 151.704589844 -0.033707324 0.613377273 0.015258301 0.788922906
0.000000 358.216339111 -33.188877106 151.889160156 -0.035074562 0.611189306 0.015938008 0.790546298
0.000000 358.998718262 -33.254619598 152.093750000 -0.036405001 0.609048307 0.016507499 0.792125225
0.000000 359.652526855 -33.345134735 152.287460327 -0.036211085 0.607352734 0.016309982 0.793438971
0.000000 360.191986084 -33.441383362 152.441848755 -0.034938566 0.605950594 0.013889221 0.794613361
0.000000 360.879608154 -33.495063782 152.641601562 -0.034947518 0.604987085 0.011346631 0.795387030
0.000000 361.706207275 -33.548751831 152.883148193 -0.036511473 0.604178965 0.010234997 0.795945942
0.000000 362.485321045 -33.608108521 153.117065430 -0.039071273 0.603593051 0.011126493 0.796256900
0.000000 363.238433838 -33.678329468 153.334823608 -0.040153898 0.603118837 0.012629411 0.796539903
0.000000 363.986846924 -33.747253418 153.563278198 -0.040725041 0.602861881 0.011932959 0.796716213
0.000000 364.767486572 -33.818958282 153.798934937 -0.039941810 0.602854073 0.009441332 0.796795130
0.000000 365.351318359 -33.925041199 153.968078613 -0.038297802 0.602464378 0.006803162 0.797197461
0.000000 366.114654541 -33.982563019 154.205047607 -0.038238224 0.602581382 0.005264614 0.797123551
0.000000 366.807708740 -34.038608551 154.418457031 -0.038040530 0.602889776 0.004916267 0.796902001
0.000000 367.592956543 -34.084571838 154.652679443 -0.038338240 0.603208959 0.005323721 0.796643496
0.000000 368.187347412 -34.188388824 154.827148438 -0.038272500 0.603263199 0.005158825 0.796606600
0.000000 368.961425781 -34.230197906 155.030334473 -0.034685157 0.603517771 0.006368749 0.796569288
0.000000 369.716827393 -34.263179779 155.229736328 -0.033646267 0.603352189 0.006625619 0.796737313
0.000000 370.524200439 -34.304557800 155.469329834 -0.034353413 0.603490889 0.007615466 0.796593130
0.000000 371.264404297 -34.343593597 155.691024780 -0.035252761 0.603549242 0.010397497 0.796478212
0.000000 372.088378906 -34.395378113 155.921707153 -0.036197092 0.603465259 0.012591599 0.796467841
0.000000 372.629241943 -34.493274689 156.068435669 -0.035637841 0.603668272 0.011372866 0.796357512
0.000000 373.361175537 -34.545555115 156.289001465 -0.034675706 0.603820920 0.009799137 0.796305120
0.000000 374.148956299 -34.594100952 156.528305054 -0.034589011 0.603982091 0.009342168 0.796192229
0.000000 374.977752686 -34.638053894 156.780517578 -0.034984168 0.604089856 0.010006788 0.796085060
0.000000 375.613861084 -34.697032928 156.945556641 -0.034973092 0.603908002 0.011877887 0.796197772
0.000000 376.209350586 -34.767894745 157.066802979 -0.034233056 0.603512108 0.012695313 0.796517551
0.000000 377.034698486 -34.819595337 157.299743652 -0.033685658 0.603483737 0.012164232 0.796570659
0.000000 377.869445801 -34.877349854 157.538375854 -0.032047119 0.603418052 0.011419937 0.796698987
0.000000 378.559051514 -34.963260651 157.729492188 -0.030192606 0.603182554 0.012399604 0.796935081
0.000000 379.464233398 -35.007225037 157.983596802 -0.028881952 0.603004396 0.014325460 0.797086239
0.000000 379.994140625 -35.130123138 158.131790161 -0.026588362 0.602721989 0.015403611 0.797359467
0.000000 380.456390381 -35.245559692 158.275344849 -0.026411232 0.602581561 0.013638046 0.797503531
0.000000 381.338470459 -35.288520813 158.530426025 -0.024468323 0.602131903 0.015606870 0.797868967
0.000000 381.944519043 -35.427581787 158.723663330 -0.021150246 0.601732373 0.016552124 0.798246205
0.000000 382.833984375 -35.461257935 158.989974976 -0.020973371 0.601610124 0.014509432 0.798382640
0.000000 383.404785156 -35.580383301 159.173065186 -0.019181749 0.601584911 0.010568075 0.798508584
0.000000 384.308776855 -35.618305206 159.453781128 -0.017766997 0.601339579 0.009227417 0.798742712
0.000000 385.149993896 -35.650131226 159.702743530 -0.018481059 0.601185918 0.009660536 0.798837066
0.000000 386.000427246 -35.673957825 159.961151123 -0.019253859 0.601117551 0.010957808 0.798853517
0.000000 386.855499268 -35.697944641 160.222137451 -0.019774636 0.600843787 0.012220452 0.799028397
0.000000 387.543426514 -35.746936798 160.467239380 -0.020139012 0.601211071 0.011029646 0.798760295
0.000000 388.328247070 -35.795940399 160.681793213 -0.018117473 0.600810468 0.010767127 0.799113691
0.000000 389.230865479 -35.804180145 160.958908081 -0.017922316 0.600752950 0.010153873 0.799169302
0.000000 390.140075684 -35.831813812 161.224197388 -0.018646015 0.600825608 0.009987411 0.799100220
0.000000 391.016876221 -35.858039856 161.490768433 -0.019076588 0.601095140 0.009712073 0.798890829
0.000000 391.831085205 -35.899166107 161.729003906 -0.018257573 0.601403356 0.009240327 0.798683524
0.000000 392.618469238 -35.927360535 161.960632324 -0.017325386 0.601791561 0.008409573 0.798420966
0.000000 393.425109863 -35.962825775 162.196929932 -0.016792545 0.602165282 0.007554565 0.798159063
0.000000 394.175781250 -35.996559143 162.408386230 -0.016227549 0.602660418 0.007816314 0.797794461
0.000000 394.963287354 -36.023765564 162.627349854 -0.016164064 0.603118181 0.009298201 0.797433853
0.000000 395.744537354 -36.048526764 162.862640381 -0.017771609 0.603699982 0.010995818 0.796937644
0.000000 396.521575928 -36.080184937 163.083663940 -0.020162676 0.604097843 0.012478667 0.796557367
0.000000 397.313201904 -36.102527618 163.304824829 -0.022666981 0.604871869 0.013627116 0.795883477
0.000000 398.092376709 -36.133609772 163.496429443 -0.023129988 0.605109692 0.014047636 0.795682073
0.000000 398.868591309 -36.167503357 163.705322266 -0.022200022 0.605751336 0.012121281 0.795251906
0.000000 399.672790527 -36.205081940 163.891403198 -0.021057043 0.606058717 0.009979949 0.795078576
0.000000 400.448669434 -36.233398438 164.091903687 -0.020065255 0.606319785 0.009801418 0.794907331
0.000000 401.170654297 -36.260635376 164.296890259 -0.020021765 0.606713653 0.010582166 0.794597805
0.000000 401.885437012 -36.295104980 164.443176270 -0.020628801 0.606453955 0.011181269 0.794772387
0.000000 402.442840576 -36.341510773 164.671844482 -0.020906478 0.607073426 0.011333491 0.794289827
0.000000 403.116973877 -36.362636566 164.920928955 -0.020975502 0.608187139 0.012034919 0.793425262
0.000000 403.779479980 -36.427650452 165.066131592 -0.020213606 0.607853234 0.012632950 0.793691576
0.000000 404.348083496 -36.487819672 165.225234985 -0.019452509 0.607883334 0.013622740 0.793671191
0.000000 405.029571533 -36.520870209 165.440093994 -0.020367460 0.608000457 0.013703446 0.793557107
0.000000 405.696563721 -36.557739258 165.638031006 -0.020238655 0.608212769 0.013797726 0.793396056
0.000000 406.383605957 -36.594959259 165.835510254 -0.019949444 0.608125329 0.013044972 0.793483198
0.000000 407.148101807 -36.622509003 166.042297363 -0.019101568 0.607810915 0.012755034 0.793749630
0.000000 407.851715088 -36.661167145 166.231033325 -0.018407945 0.607271075 0.012153202 0.794188440
0.000000 408.577239990 -36.698486328 166.432876587 -0.017493574 0.606696010 0.011453813 0.794658899
0.000000 409.276336670 -36.737590790 166.625686646 -0.016674556 0.605933309 0.011010040 0.795264542
0.000000 409.966033936 -36.786315918 166.795074463 -0.016683042 0.604787350 0.010852593 0.796138287
0.000000 410.663970947 -36.815196991 166.990234375 -0.017597612 0.603881836 0.010728307 0.796807408
0.000000 411.323883057 -36.844703674 167.248229980 -0.017111629 0.603490531 0.011279456 0.797106802
0.000000 412.004333496 -36.869392395 167.453247070 -0.017337423 0.602751255 0.010789248 0.797667801
0.000000 412.488616943 -36.909225464 167.699005127 -0.018023465 0.603594959 0.009069421 0.797035754
0.000000 413.128204346 -36.933849335 167.894653320 -0.017895274 0.603251338 0.008094467 0.797309279
0.000000 413.790130615 -36.966575623 168.051330566 -0.017440256 0.602343321 0.007837256 0.798008084
0.000000 414.405212402 -36.995666504 168.247955322 -0.017266801 0.601986349 0.007808684 0.798281491
0.000000 414.843780518 -37.023788452 168.490600586 -0.016962066 0.602625847 0.007886536 0.797804713
0.000000 415.417724609 -37.041999817 168.670303345 -0.016593035 0.602161050 0.008076038 0.798161447
0.000000 416.061981201 -37.062492371 168.845840454 -0.015803745 0.601468921 0.008501214 0.798694611
0.000000 416.667114258 -37.084075928 169.036148071 -0.015930993 0.601110935 0.008544922 0.798961103
0.000000 417.057067871 -37.142883301 169.297744751 -0.015010182 0.602025151 0.008307062 0.798292816
0.000000 417.638153076 -37.157810211 169.478881836 -0.015665006 0.601710200 0.008106425 0.798519790
0.000000 418.192779541 -37.175682068 169.648696899 -0.015893536 0.601441741 0.007976714 0.798718750
0.000000 418.569641113 -37.212574005 169.810302734 -0.016190777 0.601656675 0.007242381 0.798557878
0.000000 419.134887695 -37.226482391 169.972503662 -0.016671428 0.601346910 0.006575954 0.798787117
0.000000 417.907409668 -37.679111481 170.218261719 -0.002878376 0.606821418 0.006454739 0.794806838
0.000000 418.371765137 -37.705837250 170.362380981 -0.002483763 0.606646240 0.005521574 0.794948876
0.000000 418.877838135 -37.717514038 170.513305664 -0.001875280 0.606649756 0.005790303 0.794945896
0.000000 419.271484375 -37.725414276 170.693923950 -0.001983408 0.607251048 0.006368749 0.794482052
0.000000 419.738739014 -37.774990082 170.780746460 -0.001637745 0.606323600 0.007505091 0.795180917
0.000000 420.258758545 -37.781837463 170.918212891 -0.002707650 0.605805397 0.008368719 0.795564234
0.000000 420.745452881 -37.793769836 171.050735474 -0.003201874 0.605267167 0.009072707 0.795964241
0.000000 421.218353271 -37.799888611 171.180175781 -0.002762136 0.604848623 0.010192689 0.796270430
0.000000 421.645996094 -37.766040802 171.317047119 -0.003825303 0.604961097 0.010845725 0.796171963
0.000000 422.126159668 -37.767742157 171.440856934 -0.003063940 0.604876220 0.010682373 0.796241939
0.000000 422.578125000 -37.785934448 171.549682617 -0.003019853 0.604705870 0.009299804 0.796388865
0.000000 423.013610840 -37.792472839 171.654251099 -0.002702142 0.604830861 0.008971961 0.796298921
0.000000 423.444122314 -37.793544769 171.765563965 -0.002489756 0.605071187 0.008853255 0.796118319
0.000000 423.829925537 -37.802036285 171.875747681 -0.002114320 0.605590284 0.008843151 0.795724750
0.000000 424.198364258 -37.803195953 171.972274780 -0.002035319 0.605853081 0.008702166 0.795526385
0.000000 424.586456299 -37.804634094 172.080520630 -0.001752039 0.606270313 0.008501214 0.795211315
0.000000 424.949951172 -37.806983948 172.178375244 -0.001370236 0.606636465 0.008467845 0.794933140
0.000000 425.302093506 -37.817008972 172.274276733 -0.000897030 0.606986284 0.008604009 0.794665217
0.000000 425.621551514 -37.826435089 172.370498657 -0.000945553 0.607502580 0.008072346 0.794276118
0.000000 425.938659668 -37.834083557 172.462478638 -0.001280284 0.607908547 0.007446289 0.793971121
0.000000 426.246826172 -37.834491730 172.548233032 -0.001726335 0.608194172 0.007136678 0.793754339
0.000000 426.553833008 -37.837478638 172.632171631 -0.001591602 0.608659267 0.007471262 0.793394983
0.000000 426.830047607 -37.830787659 172.709381104 -0.001785735 0.609078765 0.008235903 0.793065071
0.000000 427.116851807 -37.838272095 172.784408569 -0.001875280 0.609257340 0.008911969 0.792920291
0.000000 427.404510498 -37.842414856 172.863479614 -0.001998377 0.609459996 0.009113675 0.792761922
0.000000 427.686706543 -37.845710754 172.943267822 -0.001949307 0.609605253 0.008776338 0.792654157
0.000000 427.972198486 -37.842487335 173.019989014 -0.002027984 0.609231770 0.008633401 0.792942703
0.000000 428.243072510 -37.845275879 173.096054077 -0.002328953 0.608838797 0.008232283 0.793247938
0.000000 428.492980957 -37.853080750 173.169891357 -0.002668849 0.608356118 0.007562451 0.793623745
0.000000 428.760498047 -37.853790283 173.242904663 -0.003059074 0.607528090 0.007305886 0.794258773
0.000000 429.028350830 -37.855602264 173.321075439 -0.003201874 0.606351376 0.007186614 0.795157909
0.000000 429.288330078 -37.862316132 173.404113770 -0.003261814 0.604825616 0.007232087 0.796318471
0.000000 429.554077148 -37.868019104 173.479721069 -0.002836658 0.602378249 0.007393069 0.798171580
0.000000 429.794311523 -37.880184174 173.550735474 -0.003107403 0.599056363 0.007318113 0.800667465
0.000000 430.058563232 -37.885761261 173.640304565 -0.003558931 0.595049083 0.007286483 0.803648412
0.000000 430.324279785 -37.893562317 173.731246948 -0.003898613 0.590452969 0.007546671 0.807027459
0.000000 430.571197510 -37.891704559 173.927642822 -0.005520224 0.587175310 0.006863131 0.809411883
0.000000 430.909881592 -37.850955963 174.045257568 -0.006541876 0.580490708 0.008343753 0.814197838
0.000000 431.195220947 -37.853363037 174.171005249 -0.007650605 0.573427796 0.008288206 0.819178462
0.000000 431.465911865 -37.862144470 174.296035767 -0.009064492 0.565502405 0.007772343 0.824660301
0.000000 431.744293213 -37.869548798 174.426559448 -0.009722807 0.556860507 0.008619582 0.830504477
0.000000 432.030395508 -37.875926971 174.563461304 -0.010342894 0.547972023 0.009883928 0.836374402
0.000000 432.317749023 -37.890792847 174.713836670 -0.010395346 0.538705587 0.010654438 0.842362583
0.000000 432.617431641 -37.861007690 174.855560303 -0.011864079 0.528447270 0.011814994 0.848801017
0.000000 432.873016357 -37.869773865 175.008392334 -0.014263957 0.521537602 0.011922964 0.853025734
0.000000 433.142547607 -37.869491577 175.159286499 -0.017300425 0.518194795 0.011695839 0.855007648
0.000000 433.399108887 -37.878498077 175.305175781 -0.018530179 0.518602550 0.011156586 0.854741871
0.000000 433.659149170 -37.884101868 175.436370850 -0.019424912 0.520640433 0.010886866 0.853485584
0.000000 433.883636475 -37.910778046 175.543655396 -0.019512167 0.525234759 0.010337849 0.850670815
0.000000 434.152679443 -37.853862762 175.672195435 -0.020308847 0.532110512 0.013277637 0.846327186
0.000000 434.411010742 -37.849864960 175.783096313 -0.019950189 0.539654315 0.014676386 0.841522336
0.000000 434.656768799 -37.861610413 175.868804932 -0.018430194 0.548123181 0.015639300 0.836048365
0.000000 434.898986816 -37.863639832 175.954986572 -0.018182332 0.557584345 0.016042843 0.829766095
0.000000 435.159851074 -37.868263245 176.041244507 -0.018310549 0.567140341 0.016049812 0.823261261
0.000000 435.407684326 -37.879585266 176.115280151 -0.018535808 0.576524198 0.015452868 0.816723704
0.000000 435.679962158 -37.886669159 176.194107056 -0.018333321 0.585553646 0.015138688 0.810284972
0.000000 435.914611816 -37.912513733 176.263641357 -0.017484630 0.594012737 0.015141641 0.804123163
0.000000 436.187103271 -37.926544189 176.319625854 -0.015888847 0.601204515 0.016488081 0.798767090
0.000000 436.444427490 -37.942153931 176.378265381 -0.014865538 0.607809663 0.017041819 0.793760657
0.000000 436.696136475 -37.960666656 176.433517456 -0.014916074 0.613374591 0.016431952 0.789480329
0.000000 436.948181152 -37.975498199 176.490417480 -0.014467264 0.617748201 0.015409896 0.786091864
0.000000 437.179992676 -37.994537354 176.540176392 -0.013196021 0.621507585 0.014263957 0.783167124
0.000000 437.433959961 -38.002628326 176.592071533 -0.012433208 0.624369681 0.014146470 0.780901968
0.000000 437.660369873 -38.016044617 176.639907837 -0.012033681 0.625260651 0.014524315 0.780188024
0.000000 437.895874023 -38.021911621 176.699981689 -0.012461340 0.624328196 0.014635207 0.780925632
0.000000 438.118743896 -38.027385712 176.763595581 -0.011985912 0.622009814 0.014819859 0.782777429
0.000000 438.338531494 -38.030685425 176.818603516 -0.010778193 0.617955685 0.015573417 0.785984814
0.000000 438.533050537 -38.040985107 176.878906250 -0.010818901 0.612990320 0.014920069 0.789875448
0.000000 438.722503662 -38.049282074 176.950897217 -0.012823775 0.607312500 0.013657698 0.794242144
0.000000 438.894683838 -38.059703827 177.022476196 -0.014792182 0.601389170 0.012692965 0.798718452
0.000000 439.054046631 -38.069877625 177.087112427 -0.015578200 0.595263362 0.011622991 0.803295612
0.000000 439.216949463 -38.073955536 177.153289795 -0.015206943 0.588907421 0.010379566 0.807990789
0.000000 439.358337402 -38.081279755 177.214523315 -0.013839780 0.582496226 0.010587092 0.812646627
0.000000 439.480957031 -38.089756012 177.261932373 -0.010812013 0.575979173 0.014840960 0.817258179
0.000000 439.604858398 -38.094776154 177.312744141 -0.010225530 0.568820894 0.018773844 0.822183609
0.000000 439.715637207 -38.100097656 177.374877930 -0.011282098 0.561846197 0.019312588 0.826939285
0.000000 439.822296143 -38.102565765 177.448638916 -0.013951307 0.555253327 0.016730314 0.831395924
0.000000 439.923370361 -38.103466034 177.517868042 -0.015525501 0.548802197 0.014308807 0.835685551
0.000000 440.022094727 -38.105819702 177.578643799 -0.015783932 0.542607725 0.013268655 0.839733124
0.000000 440.119812012 -38.108001709 177.636260986 -0.015279771 0.536845982 0.013092290 0.843440294
0.000000 440.204650879 -38.109916687 177.686141968 -0.015040925 0.530985415 0.013010656 0.847147584
0.000000 440.290466309 -38.110767365 177.742401123 -0.014926060 0.525509179 0.013044399 0.850556970
0.000000 440.371093750 -38.108913422 177.798263550 -0.014269701 0.520485342 0.013169457 0.853649795
0.000000 440.449096680 -38.109542847 177.845169067 -0.013245613 0.515650392 0.012812150 0.856600940
0.000000 440.520446777 -38.110980988 177.890258789 -0.013835474 0.511744320 0.012176476 0.858940125
0.000000 440.574523926 -38.115268707 177.941940308 -0.016676789 0.507841110 0.011165931 0.861216903
0.000000 440.615631104 -38.120437622 177.991485596 -0.021132624 0.502923131 0.009894474 0.864016116
0.000000 440.653533936 -38.123733521 178.032852173 -0.024292300 0.499480695 0.009091576 0.865936637
0.000000 440.699188232 -38.125568390 178.066802979 -0.023859987 0.497019768 0.008973622 0.867364764
0.000000 440.747558594 -38.126544952 178.090530396 -0.020965198 0.493729234 0.009038975 0.869315922
0.000000 440.795959473 -38.126087189 178.116333008 -0.018101837 0.491223574 0.009182901 0.870797038
0.000000 440.836517334 -38.126422882 178.145599365 -0.017334415 0.489201576 0.008750833 0.871954560
0.000000 440.869476318 -38.127315521 178.179504395 -0.018683141 0.486350954 0.007672001 0.873530149
0.000000 440.896179199 -38.129318237 178.208526611 -0.020590117 0.483698726 0.006678261 0.874966860
0.000000 440.922515869 -38.130435944 178.238891602 -0.022317512 0.481892765 0.006086402 0.875924766
