1.000000000 0.000000000 0.000000000 0.000000000 0.000000000 1.000000000 0.000000000 0.000000000 0.000000000 0.000000000 1.000000000 0.000000000
0.999999464 -0.000440274 0.000962191 0.002598484 0.000440293 0.999999881 -0.000019637 -0.007230429 -0.000962183 0.000020061 0.999999523 0.438565075
0.999997199 0.001522880 0.001825592 -0.002573768 -0.001518714 0.999996185 -0.002281168 -0.012233005 -0.001829059 0.002278388 0.999995708 0.871262312
0.999994576 0.002943916 0.001476543 -0.008951413 -0.002937345 0.999985814 -0.004432749 -0.016575433 -0.001489571 0.004428388 0.999989033 1.300454855
0.999997973 0.001869167 -0.000680298 -0.010696006 -0.001872578 0.999985456 -0.005049168 -0.024783377 0.000670851 0.005050432 0.999987006 1.729610920
0.999992013 -0.000863891 -0.003892665 -0.012178510 0.000842569 0.999984622 -0.005475827 -0.032134060 0.003897336 0.005472503 0.999977410 2.155698776
0.999963641 -0.003914611 -0.007575687 -0.016742570 0.003881149 0.999982655 -0.004426776 -0.038618166 0.007592885 0.004397212 0.999961495 2.576796055
0.999909103 -0.005655799 -0.012235664 -0.021491680 0.005610885 0.999977410 -0.003701903 -0.044729173 0.012256324 0.003632913 0.999918282 2.996709347
0.999858916 -0.004142207 -0.016274134 -0.034909207 0.004088158 0.999986053 -0.003352986 -0.053117339 0.016287796 0.003285982 0.999861956 3.412903547
0.999785423 -0.003345893 -0.020439379 -0.050822660 0.003281438 0.999989510 -0.003186173 -0.062086083 0.020449826 0.003118419 0.999786019 3.821984529
0.999690652 -0.002673962 -0.024727276 -0.065165207 0.002581721 0.999989569 -0.003761500 -0.068814382 0.024737079 0.003696497 0.999687135 4.229100227
0.999587476 -0.002185664 -0.028636442 -0.082600228 0.002091927 0.999992311 -0.003302906 -0.076293170 0.028643444 0.003241638 0.999584436 4.633232117
0.999459147 -0.002658470 -0.032776434 -0.101163037 0.002545686 0.999990702 -0.003482255 -0.082083270 0.032785386 0.003396933 0.999456644 5.029498100
0.999289513 -0.002866442 -0.037579045 -0.119345017 0.002684159 0.999984384 -0.004900213 -0.086849652 0.037592508 0.004795862 0.999281645 5.418961048
0.999105632 -0.003350596 -0.042149559 -0.137654662 0.003130524 0.999981105 -0.005286152 -0.091970429 0.042166479 0.005149473 0.999097288 5.799906731
0.998949707 -0.002417306 -0.045755103 -0.161879420 0.002203775 0.999986410 -0.004716696 -0.099667668 0.045765892 0.004610908 0.998941481 6.169271469
0.998790383 -0.000777870 -0.049162958 -0.187430769 0.000579758 0.999991596 -0.004043856 -0.106673002 0.049165700 0.004010461 0.998782516 6.528292179
0.998633146 -0.000008597 -0.052264825 -0.211942270 -0.000158986 0.999994814 -0.003202290 -0.115368433 0.052264586 0.003206222 0.998628020 6.872545242
0.998500407 0.000713509 -0.054737370 -0.232260302 -0.000883195 0.999994874 -0.003075901 -0.122053988 0.054734897 0.003119632 0.998495936 7.206668854
0.998393774 0.001835055 -0.056623649 -0.255734712 -0.002037069 0.999991715 -0.003510162 -0.128377274 0.056616746 0.003619870 0.998389304 7.524668694
0.998299837 0.001781643 -0.058259338 -0.277585030 -0.002024758 0.999989450 -0.004114219 -0.134617656 0.058251407 0.004225185 0.998292863 7.829413891
0.998201311 0.001821242 -0.059922561 -0.298324078 -0.002116574 0.999985874 -0.004865455 -0.141237870 0.059912872 0.004983534 0.998190999 8.119502068
0.998104692 0.002040130 -0.061503742 -0.319464833 -0.002397884 0.999980569 -0.005743544 -0.147436678 0.061490849 0.005880137 0.998090148 8.396044731
0.998013258 0.002927949 -0.062935084 -0.341110766 -0.003385845 0.999968529 -0.007170260 -0.153555378 0.062912121 0.007369102 0.997991681 8.663919449
0.997949660 0.003406233 -0.063911691 -0.362196922 -0.003946037 0.999957561 -0.008321779 -0.160319448 0.063880645 0.008556913 0.997920692 8.927024841
0.997908890 0.003345403 -0.064549230 -0.380694449 -0.003953713 0.999948919 -0.009298535 -0.166836068 0.064514831 0.009534298 0.997871041 9.185262680
0.997878432 0.002531329 -0.065054648 -0.399107605 -0.003206193 0.999942064 -0.010271505 -0.173542693 0.065024883 0.010458288 0.997828662 9.436639786
0.997833371 0.001075597 -0.065783240 -0.416686088 -0.001835554 0.999932170 -0.011493099 -0.180592820 0.065766431 0.011588942 0.997767568 9.683674812
0.997778833 0.001219573 -0.066603035 -0.435964584 -0.002098483 0.999911487 -0.013127886 -0.187870994 0.066581152 0.013238487 0.997693002 9.926535606
0.997719228 0.002675732 -0.067448646 -0.458214402 -0.003593870 0.999902368 -0.013494754 -0.193057790 0.067405969 0.013706372 0.997631311 10.170404434
0.997639000 0.004657757 -0.068518735 -0.480221063 -0.005465240 0.999917626 -0.011602117 -0.196790934 0.068459071 0.011949191 0.997582197 10.415336609
0.997619450 0.003970906 -0.068845578 -0.498328745 -0.004545616 0.999955952 -0.008193167 -0.199868068 0.068810031 0.008486604 0.997593522 10.662919044
0.997614264 0.002882306 -0.068974875 -0.514849484 -0.003319042 0.999975026 -0.006218065 -0.205087408 0.068955250 0.006432157 0.997598827 10.911236763
0.997612655 0.001247081 -0.069047138 -0.530407846 -0.001794657 0.999967337 -0.007868998 -0.214274898 0.069035083 0.007974124 0.997582138 11.148712158
0.997600496 0.001051884 -0.069225773 -0.547318041 -0.001789534 0.999942183 -0.010594561 -0.222564980 0.069210641 0.010693016 0.997544527 11.383470535
0.997612417 0.001987580 -0.069033727 -0.567241073 -0.002815293 0.999925196 -0.011894758 -0.231046528 0.069004938 0.012060703 0.997543216 11.622497559
0.997619867 0.002995772 -0.068890341 -0.586750209 -0.003865734 0.999914348 -0.012498377 -0.239029229 0.068847016 0.012734936 0.997545779 11.857230186
0.997640431 0.002796315 -0.068600893 -0.603441179 -0.003690103 0.999909818 -0.012905553 -0.245544493 0.068558633 0.013128239 0.997560561 12.091670036
0.997667432 0.000910749 -0.068258323 -0.617259383 -0.001774237 0.999919057 -0.012590741 -0.251809746 0.068241343 0.012682473 0.997588098 12.324781418
0.997706831 0.000033100 -0.067685634 -0.630919456 -0.000805484 0.999934793 -0.011384077 -0.257425636 0.067680851 0.011412486 0.997641623 12.560787201
0.997772872 0.001848382 -0.066679746 -0.650651932 -0.002825725 0.999889791 -0.014565933 -0.262112290 0.066645481 0.014721904 0.997667968 12.802278519
0.997818291 0.005093477 -0.065826140 -0.674196601 -0.006587464 0.999725044 -0.022498898 -0.265039235 0.065693453 0.022883430 0.997577310 13.056344032
0.997883618 0.004925991 -0.064840518 -0.692541361 -0.006876361 0.999529362 -0.029890794 -0.267851591 0.064662784 0.030273391 0.997447729 13.325719833
0.997980475 0.002154710 -0.063486703 -0.706826091 -0.004242068 0.999454021 -0.032762229 -0.273579925 0.063381471 0.032965373 0.997444570 13.616750717
0.998066545 -0.000600678 -0.062153034 -0.720312476 -0.001237166 0.999563038 -0.029526941 -0.285961390 0.062143631 0.029546743 0.997629583 13.932394981
0.998177767 -0.001048540 -0.060334608 -0.737228692 -0.000588789 0.999632001 -0.027113279 -0.298969626 0.060340855 0.027099395 0.997809708 14.264991760
0.998307168 0.000939082 -0.058156606 -0.758308351 -0.002408148 0.999679387 -0.025195571 -0.311483264 0.058114327 0.025292967 0.997989237 14.608307838
0.998410285 0.001298589 -0.056351420 -0.782752633 -0.002671109 0.999701202 -0.024287939 -0.325667709 0.056303069 0.024399849 0.998115301 14.953616142
0.998519480 0.000259495 -0.054395605 -0.801491618 -0.001683609 0.999656737 -0.026136467 -0.332973778 0.054370176 0.026189355 0.998177111 15.317718506
0.998635113 -0.001325341 -0.052214384 -0.816665530 -0.000112258 0.999621034 -0.027520040 -0.342281163 0.052231096 0.027488343 0.998256385 15.697758675
0.998713911 -0.001428437 -0.050681397 -0.833862543 0.000044727 0.999627233 -0.027292734 -0.357472837 0.050701518 0.027255371 0.998341620 16.091192245
0.998773158 -0.001517153 -0.049497046 -0.848256707 0.000226557 0.999659836 -0.026069354 -0.369616300 0.049519785 0.026026163 0.998433769 16.499591827
0.998838067 -0.000867698 -0.048185490 -0.867393553 -0.000300739 0.999705911 -0.024236146 -0.380431503 0.048192378 0.024222484 0.998544097 16.905658722
0.998884976 -0.001411767 -0.047189958 -0.892223477 0.000325985 0.999734879 -0.023008512 -0.392561525 0.047209963 0.022967482 0.998620689 17.312568665
0.998888195 -0.000579704 -0.047138199 -0.917020917 -0.000483054 0.999745667 -0.022531036 -0.404708177 0.047139302 0.022528766 0.998634040 17.729675293
0.998838782 0.000106515 -0.048175972 -0.941064000 -0.001172651 0.999754727 -0.022102302 -0.417830318 0.048161827 0.022133140 0.998594046 18.162364960
0.998777211 0.001287450 -0.049419217 -0.968201518 -0.002292039 0.999791443 -0.020276614 -0.431096822 0.049382836 0.020365100 0.998572052 18.603668213
0.998725832 0.001771810 -0.050431814 -0.995415330 -0.002708738 0.999824584 -0.018515818 -0.446837068 0.050390191 0.018628843 0.998555601 19.057725906
0.998674273 0.003061708 -0.051382285 -1.023460507 -0.003984438 0.999832153 -0.017865319 -0.463070512 0.051318992 0.018046377 0.998519003 19.519199371
0.998609066 0.006462773 -0.052325759 -1.056000829 -0.007468593 0.999790311 -0.019049611 -0.475767910 0.052191705 0.019413929 0.998448133 19.984941483
0.998564363 0.008608298 -0.052867465 -1.088994622 -0.009629079 0.999771178 -0.019084036 -0.488037348 0.052691117 0.019565718 0.998418987 20.462154388
0.998522222 0.009307337 -0.053540718 -1.117125511 -0.010166779 0.999823153 -0.015802218 -0.498244226 0.053384203 0.016323216 0.998440444 20.946699142
0.998507380 0.007327653 -0.054121692 -1.142597795 -0.007940630 0.999906361 -0.011119554 -0.508213043 0.054035176 0.011532732 0.998472214 21.430664062
0.998482108 0.006832933 -0.054649789 -1.173901916 -0.007239712 0.999947190 -0.007248877 -0.518935025 0.054597404 0.007633537 0.998479068 21.908193588
0.998448253 0.008976540 -0.054958135 -1.207341909 -0.009287077 0.999942005 -0.005397627 -0.532106280 0.054906528 0.005899665 0.998473823 22.392038345
0.998371780 0.013269810 -0.055476204 -1.244247317 -0.013513500 0.999900341 -0.004019854 -0.546129107 0.055417363 0.004763000 0.998451650 22.883647919
0.998301685 0.014716884 -0.056365311 -1.278213382 -0.014996567 0.999876976 -0.004542189 -0.554753125 0.056291558 0.005379775 0.998399615 23.374919891
0.998253405 0.013815898 -0.057437629 -1.309203625 -0.014198438 0.999879301 -0.006257342 -0.561750352 0.057344273 0.007061952 0.998329222 23.867927551
0.998246431 0.010485698 -0.058257543 -1.339042068 -0.011001918 0.999902666 -0.008547317 -0.568047285 0.058162279 0.009173288 0.998264730 24.365942001
0.998227298 0.009826842 -0.058699112 -1.371225476 -0.010388470 0.999902785 -0.009270445 -0.576143265 0.058602337 0.009863818 0.998232424 24.867095947
0.998218775 0.012083181 -0.058422673 -1.409326434 -0.012625436 0.999880254 -0.008921400 -0.587100446 0.058307908 0.009643134 0.998251796 25.369043350
0.998232365 0.014355448 -0.057671566 -1.444948673 -0.014852218 0.999855876 -0.008194407 -0.598265767 0.057545647 0.009036488 0.998301685 25.878417969
0.998261690 0.015404698 -0.056887701 -1.477391958 -0.015887605 0.999841154 -0.008046326 -0.609036088 0.056754738 0.008936164 0.998347878 26.389970779
0.998341620 0.014734229 -0.055648815 -1.509948492 -0.015207569 0.999851346 -0.008092029 -0.619870007 0.055521339 0.008924909 0.998417318 26.903064728
0.998419404 0.013676922 -0.054512121 -1.538935065 -0.014160395 0.999863446 -0.008492801 -0.629677296 0.054388545 0.009251306 0.998476684 27.417699814
0.998488009 0.012625557 -0.053500153 -1.566046357 -0.013108021 0.999876261 -0.008676779 -0.637968481 0.053384002 0.009364956 0.998529851 27.940010071
0.998555899 0.011587461 -0.052457023 -1.593624353 -0.012072511 0.999887049 -0.008939326 -0.648500800 0.052347533 0.009559721 0.998582840 28.469455719
0.998622477 0.010776754 -0.051350500 -1.620116949 -0.011270428 0.999892831 -0.009334088 -0.659563243 0.051244427 0.009899989 0.998636723 29.001548767
0.998666942 0.010978596 -0.050436359 -1.648135662 -0.011479456 0.999887466 -0.009651721 -0.669684887 0.050324742 0.010217852 0.998680294 29.537334442
0.998713255 0.010997019 -0.049506478 -1.677053928 -0.011512312 0.999882281 -0.010135645 -0.679849923 0.049389206 0.010692553 0.998722017 30.076000214
0.998735964 0.011066026 -0.049030874 -1.701338291 -0.011610641 0.999873817 -0.010836863 -0.687863529 0.048904784 0.011392460 0.998738110 30.623779297
0.998769462 0.010697938 -0.048426572 -1.730405092 -0.011246697 0.999875367 -0.011073645 -0.699115455 0.048302092 0.011604674 0.998764992 31.166954041
0.998788118 0.010427826 -0.048100106 -1.758230925 -0.010993714 0.999873221 -0.011515436 -0.710381567 0.047973946 0.012030296 0.998775721 31.717447281
0.998820126 0.009950014 -0.047534902 -1.787841916 -0.010538258 0.999870718 -0.012140593 -0.722997069 0.047407977 0.012627218 0.998795390 32.278430939
0.998831153 0.009329524 -0.047428071 -1.816163421 -0.009953070 0.999866843 -0.012928201 -0.737291813 0.047301166 0.013385159 0.998790622 32.844654083
0.998840153 0.008981434 -0.047304992 -1.849405289 -0.009629569 0.999862552 -0.013491321 -0.752079368 0.047177341 0.013931214 0.998789012 33.411758423
0.998857737 0.008723661 -0.046981800 -1.884322405 -0.009400085 0.999854922 -0.014196064 -0.767754614 0.046851169 0.014621494 0.998794496 33.975997925
0.998854637 0.008622627 -0.047066335 -1.914506435 -0.009318718 0.999850035 -0.014590386 -0.782706380 0.046933495 0.015012287 0.998784840 34.557807922
0.998849094 0.008339790 -0.047235478 -1.945666432 -0.009041253 0.999851584 -0.014656370 -0.799022794 0.047106259 0.015066582 0.998775899 35.140258789
0.998826325 0.008652383 -0.047659066 -1.975475430 -0.009369747 0.999845743 -0.014849342 -0.813045740 0.047523253 0.015278479 0.998752892 35.730346680
0.998813510 0.008586303 -0.047938414 -2.007492542 -0.009305465 0.999847114 -0.014798973 -0.831631958 0.047804039 0.015227516 0.998740256 36.321632385
0.998796999 0.008071399 -0.048370298 -2.038514614 -0.008786400 0.999854922 -0.014587597 -0.846847773 0.048245560 0.014995062 0.998722553 36.916465759
0.998773336 0.007667035 -0.048922244 -2.070031404 -0.008343279 0.999872148 -0.013633759 -0.863968730 0.048811484 0.014025219 0.998709142 37.519309998
0.998750806 0.007864265 -0.049348801 -2.105219364 -0.008512338 0.999880016 -0.012936243 -0.880603075 0.049241174 0.013340170 0.998697400 38.115348816
0.998722374 0.008162479 -0.049872972 -2.140574455 -0.008791807 0.999884248 -0.012412440 -0.898515761 0.049765915 0.012835069 0.998677969 38.715099335
0.998676538 0.008835970 -0.050669651 -2.176715851 -0.009450031 0.999884546 -0.011892297 -0.914369583 0.050558753 0.012355401 0.998644173 39.312114716
0.998622060 0.008827756 -0.051733326 -2.210917950 -0.009436683 0.999888837 -0.011538184 -0.930482388 0.051625751 0.012010490 0.998593748 39.919986725
0.998573422 0.008418933 -0.052730121 -2.246826172 -0.009065479 0.999886453 -0.012034362 -0.946537733 0.052622844 0.012495232 0.998535752 40.525264740
0.998525441 0.008567731 -0.053606413 -2.286329508 -0.009251812 0.999878705 -0.012526170 -0.961867690 0.053492613 0.013003670 0.998483062 41.126079559
0.998456240 0.009477412 -0.054730486 -2.322784185 -0.010207650 0.999862373 -0.013078481 -0.975113630 0.054599024 0.013616974 0.998414993 41.735092163
0.998393238 0.009353876 -0.055889565 -2.360713005 -0.010142272 0.999852777 -0.013839503 -0.991385162 0.055751901 0.014384125 0.998340547 42.343776703
0.998323023 0.009146492 -0.057163883 -2.397608519 -0.009949943 0.999855459 -0.013786570 -1.006398320 0.057029542 0.014332240 0.998269081 42.949535370
0.998284817 0.007167093 -0.058106449 -2.435277700 -0.007912983 0.999889076 -0.012616802 -1.029135466 0.058009598 0.013054969 0.998230100 43.575214386
0.998215973 0.006682996 -0.059334744 -2.473592520 -0.007416651 0.999898612 -0.012153181 -1.047251821 0.059247527 0.012571576 0.998163640 44.179622650
0.998156190 0.007661303 -0.060215347 -2.516073227 -0.008407451 0.999890864 -0.012147866 -1.064586639 0.060115725 0.012631738 0.998110950 44.790325165
0.998075128 0.008582013 -0.061422318 -2.553975344 -0.009453489 0.999858558 -0.013911850 -1.081099868 0.061294254 0.014465738 0.998014390 45.400421143
0.998007059 0.008264994 -0.062560782 -2.597659826 -0.009355096 0.999809146 -0.017151972 -1.101030827 0.062407091 0.017703062 0.997893214 46.008281708
0.997967184 0.005229016 -0.063516304 -2.638599873 -0.006527461 0.999773622 -0.020252507 -1.121266842 0.063396029 0.020625947 0.997774780 46.609333038
0.997920334 0.002965335 -0.064391382 -2.680766106 -0.004412612 0.999740601 -0.022345787 -1.139207602 0.064308420 0.022583457 0.997673988 47.221508026
0.997875154 0.003423055 -0.065066241 -2.729614496 -0.004977001 0.999705911 -0.023735551 -1.159938097 0.064965852 0.024008954 0.997598112 47.825359344
0.997805655 0.006613869 -0.065881208 -2.779682159 -0.008075532 0.999726653 -0.021944892 -1.180749059 0.065718055 0.022428766 0.997585654 48.434501648
0.997761607 0.007265616 -0.066477560 -2.826871157 -0.008413821 0.999820054 -0.017008536 -1.199535012 0.066342011 0.017529799 0.997642457 49.048080444
0.997724652 0.006391613 -0.067119166 -2.869428396 -0.007131507 0.999916434 -0.010789884 -1.216109276 0.067044578 0.011244005 0.997686148 49.667194366
0.997713625 0.005545168 -0.067358568 -2.911896229 -0.005767292 0.999978602 -0.003103739 -1.233269453 0.067339905 0.003485135 0.997723520 50.279392242
0.997732341 0.007216667 -0.066922188 -2.957292318 -0.007015137 0.999970138 0.003245818 -1.244737267 0.066943608 -0.002768969 0.997752428 50.899616241
0.997803211 0.008001721 -0.065766610 -3.001891375 -0.007600188 0.999950945 0.006353251 -1.253284574 0.065814212 -0.005839432 0.997814298 51.515827179
0.997877538 0.009067914 -0.064487815 -3.045184374 -0.008684298 0.999942899 0.006226377 -1.261933088 0.064540580 -0.005653107 0.997898579 52.125671387
0.998002768 0.009660499 -0.062431373 -3.085704088 -0.009502160 0.999950826 0.002832516 -1.268158436 0.062455654 -0.002233605 0.998044729 52.739891052
0.998101056 0.010651177 -0.060673907 -3.127830029 -0.010734430 0.999941766 -0.001046456 -1.273943186 0.060659222 0.001695787 0.998156607 53.349750519
0.998179495 0.008647220 -0.059694562 -3.163119316 -0.008944501 0.999948859 -0.004714713 -1.279086351 0.059650730 0.005240084 0.998205066 53.957057953
0.998272419 0.006310791 -0.058419410 -3.197921991 -0.006764138 0.999948502 -0.007565808 -1.287649035 0.058368638 0.007947908 0.998262942 54.559032440
0.998365164 0.005901995 -0.056855794 -3.234800816 -0.006412417 0.999940693 -0.008799329 -1.300971031 0.056800470 0.009149540 0.998343110 55.163085938
0.998397052 0.008599470 -0.055943698 -3.279058456 -0.009072183 0.999925137 -0.008201423 -1.317310333 0.055868965 0.008695822 0.998399734 55.764877319
0.998427927 0.009367415 -0.055264968 -3.323723793 -0.009815316 0.999921024 -0.007838863 -1.340017557 0.055187155 0.008368998 0.998440444 56.352214813
0.998450994 0.010287693 -0.054682158 -3.360795498 -0.010752056 0.999908447 -0.008204734 -1.354582191 0.054592729 0.008779985 0.998469591 56.965145111
0.998431742 0.010105837 -0.055065937 -3.395058393 -0.010539409 0.999915540 -0.007589043 -1.370315552 0.054984573 0.008157518 0.998453379 57.579551697
0.998394966 0.010855052 -0.055586383 -3.434121370 -0.011343351 0.999899626 -0.008476603 -1.383062601 0.055488769 0.009093548 0.998417377 58.181331635
0.998380959 0.011877069 -0.055628404 -3.475821018 -0.012423309 0.999877810 -0.009483977 -1.395729661 0.055508941 0.010159726 0.998405933 58.787784576
0.998332441 0.013127102 -0.056214795 -3.518635511 -0.013663654 0.999864578 -0.009171030 -1.409464717 0.056086767 0.009923851 0.998376012 59.398731232
0.998296082 0.014112289 -0.056619458 -3.558171272 -0.014656253 0.999850214 -0.009203696 -1.421744347 0.056481063 0.010017858 0.998352885 60.000267029
0.998271883 0.014040687 -0.057062287 -3.593314409 -0.014550408 0.999857724 -0.008527106 -1.435553789 0.056934416 0.009342665 0.998333693 60.612274170
0.998224735 0.014611219 -0.057740144 -3.632793665 -0.015102420 0.999853313 -0.008079926 -1.448640227 0.057613589 0.008937613 0.998298407 61.213321686
0.998218596 0.014236395 -0.057939671 -3.674600601 -0.014700261 0.999863148 -0.007587702 -1.465790629 0.057823692 0.008425929 0.998290718 61.806427002
0.998184443 0.015006630 -0.058331590 -3.714169025 -0.015447382 0.999855399 -0.007112456 -1.480377197 0.058216389 0.008000630 0.998271406 62.399539948
0.998157561 0.015107503 -0.058763694 -3.753200769 -0.015533621 0.999856174 -0.006801394 -1.495260477 0.058652457 0.007701692 0.998248279 62.987789154
0.998118341 0.015403031 -0.059350450 -3.791961193 -0.015842656 0.999850392 -0.006943873 -1.508265972 0.059234574 0.007871091 0.998212576 63.576229095
0.998089015 0.015489203 -0.059819277 -3.831556320 -0.015930045 0.999849319 -0.006899760 -1.521405458 0.059703354 0.007839516 0.998184860 64.163604736
0.998031557 0.015669161 -0.060724340 -3.872614622 -0.016090758 0.999849677 -0.006460076 -1.535125852 0.060613953 0.007424477 0.998133123 64.750457764
0.997954190 0.016521893 -0.061760806 -3.916372299 -0.016938990 0.999837101 -0.006235990 -1.547610998 0.061647676 0.007269415 0.998070955 65.334655762
0.997861564 0.017187849 -0.063061669 -3.959083319 -0.017593430 0.999827981 -0.005881928 -1.559839725 0.062949680 0.006978837 0.997991800 65.916122437
0.997711480 0.018586276 -0.065009072 -3.999548435 -0.018956400 0.999807477 -0.005081313 -1.573083520 0.064902075 0.006302040 0.997871280 66.492370605
0.997566104 0.019032568 -0.067076862 -4.043261528 -0.019382160 0.999801874 -0.004564954 -1.585117102 0.066976644 0.005853956 0.997736931 67.070175171
0.997399151 0.019786390 -0.069303654 -4.088419437 -0.020124139 0.999788940 -0.004178756 -1.598657489 0.069206297 0.005562583 0.997586429 67.644126892
0.997206211 0.020816136 -0.071735270 -4.135147572 -0.021137392 0.999769807 -0.003722169 -1.611696959 0.071641229 0.005228086 0.997416317 68.219299316
0.996975660 0.022144934 -0.074488573 -4.183555603 -0.022509346 0.999738514 -0.004056198 -1.623691082 0.074379228 0.005720638 0.997213185 68.788635254
0.996726751 0.022367762 -0.077684924 -4.233958721 -0.022792319 0.999729812 -0.004582697 -1.636150479 0.077561401 0.006338334 0.996966958 69.357055664
0.996425807 0.022443229 -0.081432573 -4.285063744 -0.022954930 0.999722302 -0.005352927 -1.647335291 0.081289791 0.007203093 0.996663988 69.924697876
0.996174812 0.021506485 -0.084690914 -4.336017609 -0.022094218 0.999737978 -0.006008552 -1.660099983 0.084539466 0.007856767 0.996388674 70.488090515
0.995858073 0.021461502 -0.088348188 -4.389845848 -0.022185072 0.999727964 -0.007216132 -1.671194434 0.088169254 0.009146273 0.996063054 71.040390015
0.995547056 0.021017913 -0.091889255 -4.444953442 -0.021853629 0.999728501 -0.008098044 -1.683520555 0.091694072 0.010070115 0.995735765 71.592155457
0.995232642 0.020612635 -0.095322311 -4.501837254 -0.021520650 0.999732316 -0.008507444 -1.696787834 0.095121406 0.010518301 0.995409548 72.130287170
0.994926333 0.020201385 -0.098552845 -4.558772564 -0.021176651 0.999736607 -0.008859781 -1.710243583 0.098347880 0.010901866 0.995091796 72.665557861
0.994702399 0.020080341 -0.100812159 -4.615315437 -0.021046901 0.999742150 -0.008533199 -1.726081967 0.100614786 0.010609794 0.994868279 73.182571411
0.994592071 0.021026857 -0.101704270 -4.673027992 -0.021936826 0.999728739 -0.007836955 -1.739851356 0.101511866 0.010025659 0.994783163 73.691574097
0.994648159 0.022632418 -0.100807339 -4.726223946 -0.023460580 0.999700129 -0.007037223 -1.753381729 0.100617811 0.009364577 0.994880438 74.183212280
0.994874358 0.024776665 -0.098032765 -4.776618004 -0.025544351 0.999652147 -0.006583385 -1.765406132 0.097835518 0.009053841 0.995160758 74.659561157
0.995337188 0.026330708 -0.092788607 -4.822455883 -0.027016234 0.999616265 -0.006139521 -1.779333472 0.092591316 0.008617710 0.995666265 75.121353149
0.996061862 0.027875010 -0.084160239 -4.860257626 -0.028496496 0.999574840 -0.006192143 -1.792777061 0.083951823 0.008566046 0.996432424 75.577751160
0.997058690 0.030664368 -0.070234559 -4.889467716 -0.031163588 0.999496341 -0.006022997 -1.805121183 0.070014477 0.008194058 0.997511744 76.021789551
0.998160124 0.033844095 -0.050301537 -4.907413006 -0.034167085 0.999400735 -0.005574902 -1.815719604 0.050082713 0.007283318 0.998717904 76.453063965
0.999054968 0.035664514 -0.024829995 -4.907922268 -0.035814904 0.999342680 -0.005638532 -1.827298999 0.024612587 0.006522504 0.999675214 76.871368408
0.999345779 0.035629004 0.006161710 -4.889344215 -0.035591211 0.999347687 -0.006138042 -1.839046240 -0.006376367 0.005914740 0.999961615 77.288108826
0.998519003 0.033813618 0.042611815 -4.848310471 -0.033528786 0.999410570 -0.007381525 -1.851055622 -0.042836268 0.005941887 0.999063849 77.698608398
0.995940685 0.031833407 0.084191218 -4.785081863 -0.031237859 0.999476910 -0.008381898 -1.864206433 -0.084413975 0.005717936 0.996413767 78.095207214
0.990992963 0.029760139 0.130563170 -4.703717232 -0.028736105 0.999539852 -0.009720588 -1.875471592 -0.130792320 0.005881174 0.991391778 78.485565186
0.983169734 0.026988279 0.180688202 -4.605550766 -0.025406193 0.999616027 -0.011064917 -1.890557528 -0.180917382 0.006288107 0.983477652 78.859596252
0.972168922 0.023188105 0.233128905 -4.477602005 -0.020757172 0.999701738 -0.012875672 -1.897182345 -0.233357832 0.007678248 0.972360075 79.228836060
0.957332730 0.019026445 0.288359493 -4.333109379 -0.015781691 0.999783456 -0.013573241 -1.915866017 -0.288555175 0.008443324 0.957425475 79.569313049
0.938271523 0.014684237 0.345586598 -4.163424015 -0.010913630 0.999857962 -0.012854025 -1.923982501 -0.345726132 0.008288978 0.938298225 79.913047791
0.915409625 0.011382424 0.402361542 -3.972689867 -0.007249691 0.999904275 -0.011792565 -1.936786056 -0.402457148 0.007878048 0.915404260 80.225509644
0.888187408 0.006009691 0.459441155 -3.775698900 -0.001596684 0.999948859 -0.009993024 -1.948919296 -0.459477574 0.008142113 0.888151348 80.512054443
0.857889652 0.002823068 0.513825297 -3.544603825 0.002045884 0.999958277 -0.008909779 -1.957913637 -0.513828933 0.008694852 0.857847869 80.802764893
0.823388815 0.003247716 0.567467570 -3.300939322 0.003050314 0.999943912 -0.010148782 -1.968692899 -0.567468643 0.010087364 0.823332548 81.076988220
0.784507394 0.006489873 0.620084882 -3.038441658 0.000575292 0.999937236 -0.011193249 -1.973656178 -0.620118499 0.009137932 0.784454286 81.346115112
0.741609097 0.009759681 0.670760632 -2.757161617 -0.003540492 0.999937177 -0.010634770 -1.977085471 -0.670822263 0.005512036 0.741596997 81.603439331
0.694544494 0.010777327 0.719368458 -2.454379559 -0.006007955 0.999939799 -0.009180088 -1.987703443 -0.719423950 0.002054063 0.694567382 81.844375610
0.643628359 0.008956973 0.765285194 -2.129639149 -0.003717117 0.999956310 -0.008577347 -1.995998025 -0.765328467 0.002675985 0.643633425 82.057373047
0.589537024 0.007815672 0.807703018 -1.788802743 -0.002450054 0.999965906 -0.007887782 -2.005257368 -0.807736993 0.002671239 0.589535952 82.247222900
0.531351507 0.010006024 0.847091794 -1.434878707 -0.006045891 0.999949574 -0.008019205 -2.008351088 -0.847129226 -0.000860392 0.531385124 82.424674988
0.471919715 0.010781488 0.881575108 -1.072054625 -0.006548661 0.999940574 -0.008723455 -2.015152454 -0.881616652 -0.001656350 0.471962094 82.578125000
0.415351689 0.010189019 0.909603357 -0.695736766 -0.004611417 0.999948084 -0.009095291 -2.023332357 -0.909648716 -0.000416801 0.415376961 82.702789307
0.362749606 0.009278132 0.931840003 -0.309027076 0.000666099 0.999947667 -0.010215541 -2.032154560 -0.931885898 0.004326397 0.362724334 82.803428650
0.313913286 0.009269873 0.949405968 0.083485544 0.004867412 0.999923587 -0.011372466 -2.039679527 -0.949438691 0.008191134 0.313844055 82.889923096
0.269780278 0.009750031 0.962872088 0.485992104 0.006972135 0.999902785 -0.012078452 -2.048290491 -0.962896168 0.009971818 0.269685984 82.968887329
0.230014786 0.010076492 0.973134518 0.892889857 0.007583880 0.999897540 -0.012146153 -2.055716038 -0.973157108 0.010173946 0.229914695 83.038070679
0.193987697 0.010536678 0.980946958 1.309944510 0.008866399 0.999882698 -0.012493430 -2.062937021 -0.980963409 0.011121054 0.193871424 83.095977783
0.162244409 0.011131127 0.986687422 1.733233213 0.011315697 0.999849677 -0.013140272 -2.072436571 -0.986685157 0.013297006 0.162093982 83.141593933
0.134501517 0.011854117 0.990842044 2.166560173 0.013576041 0.999812603 -0.013804290 -2.083894253 -0.990819752 0.015308426 0.134315312 83.179557800
0.109859258 0.012716374 0.993865371 2.607048273 0.014464218 0.999791861 -0.014391018 -2.095378637 -0.993841290 0.015956486 0.109652400 83.213615417
0.088141724 0.013286846 0.996018946 3.056716919 0.015650183 0.999769151 -0.014721802 -2.103206396 -0.995984435 0.016885495 0.087913394 83.239128113
0.069606431 0.014204381 0.997473061 3.523580551 0.017980069 0.999718368 -0.015491035 -2.112902403 -0.997411907 0.019012921 0.069331393 83.254150391
0.053734742 0.015982853 0.998426974 3.995521307 0.020645250 0.999640405 -0.017113375 -2.122914553 -0.998341262 0.021532364 0.053385414 83.265007019
0.040411007 0.017458774 0.999030232 4.477977276 0.022221155 0.999584377 -0.018367292 -2.135465145 -0.998935461 0.022941856 0.040006224 83.276153564
0.030406971 0.017910013 0.999376774 4.973999023 0.023032682 0.999561429 -0.018614097 -2.148324251 -0.999271631 0.023584336 0.029981088 83.288200378
0.023951672 0.017853297 0.999553323 5.483557224 0.023756040 0.999548078 -0.018422438 -2.161697149 -0.999430239 0.024186688 0.023516692 83.297225952
0.019801257 0.018176833 0.999638319 6.007515907 0.024899060 0.999515653 -0.018667795 -2.174054146 -0.999493301 0.025259709 0.019339049 83.306739807
0.017197676 0.018350348 0.999683321 6.542222977 0.024819424 0.999515653 -0.018774223 -2.187444210 -0.999543428 0.025134446 0.016733872 83.315444946
0.016339889 0.017356655 0.999715507 7.096735954 0.024134533 0.999551177 -0.017748253 -2.201789856 -0.999574602 0.024417680 0.015913634 83.330253601
0.017660063 0.016448855 0.999708414 7.668871880 0.023537887 0.999580741 -0.016862541 -2.217641354 -0.999566376 0.023828827 0.017265460 83.344825745
0.020052526 0.015784193 0.999674022 8.252039909 0.023140199 0.999600232 -0.016247185 -2.232927322 -0.999530554 0.023458464 0.019679232 83.363220215
0.022718716 0.015103824 0.999627531 8.849267960 0.023211982 0.999608397 -0.015631065 -2.246810198 -0.999471843 0.023558464 0.022359204 83.383201599
0.026213747 0.014984785 0.999543726 9.463906288 0.022268718 0.999630809 -0.015570091 -2.260024309 -0.999407709 0.022666721 0.025870349 83.405693054
0.029985026 0.014933886 0.999438405 10.095223427 0.022098441 0.999634147 -0.015599791 -2.274843931 -0.999305427 0.022553805 0.029644012 83.431671143
0.033962484 0.013403725 0.999332845 10.732835770 0.021986600 0.999658108 -0.014155290 -2.290408850 -0.999180615 0.022452693 0.033656143 83.459465027
0.038476244 0.012192480 0.999184728 11.381697655 0.022279017 0.999666572 -0.013056256 -2.304637671 -0.999010503 0.022763222 0.038191747 83.489135742
0.043239471 0.011156824 0.999002039 12.043296814 0.022807322 0.999666035 -0.012151386 -2.318617344 -0.998803735 0.023309994 0.042970542 83.523132324
0.047580302 0.009601871 0.998820901 12.709383011 0.023955125 0.999655247 -0.010751015 -2.331509113 -0.998579443 0.024438430 0.047333855 83.560432434
0.052288242 0.008864950 0.998592317 13.390096664 0.024751119 0.999641955 -0.010170269 -2.343310833 -0.998324573 0.025248075 0.052050069 83.598983765
0.057003923 0.007648739 0.998344302 14.071526527 0.024866005 0.999649644 -0.009078533 -2.355422974 -0.998063564 0.025342360 0.056793720 83.643630981
0.061542217 0.006474684 0.998083115 14.755399704 0.024331471 0.999672115 -0.007985263 -2.369521618 -0.997807145 0.024776276 0.061364464 83.691848755
0.066285945 0.006376889 0.997779906 15.444026947 0.024666354 0.999663591 -0.008027581 -2.382940292 -0.997494996 0.025143724 0.066106319 83.741500854
0.069492280 0.006201620 0.997562826 16.133615494 0.024982909 0.999656320 -0.007954977 -2.396486044 -0.997268796 0.025474845 0.069313437 83.793655396
0.070353359 0.006532097 0.997500360 16.830972672 0.023779841 0.999683440 -0.008223559 -2.410377264 -0.997237802 0.024298968 0.070175730 83.843162537
0.070045151 0.007350761 0.997516334 17.532499313 0.023450213 0.999684453 -0.009013383 -2.425261021 -0.997267246 0.024023326 0.069850646 83.897781372
0.069550775 0.007825856 0.997547328 18.235908508 0.023882208 0.999669611 -0.009507598 -2.442199945 -0.997291565 0.024484904 0.069340877 83.948394775
0.068837747 0.008539781 0.997590959 18.952693939 0.025390359 0.999624491 -0.010309209 -2.457453012 -0.997303784 0.026038865 0.068595052 84.000022888
0.068392709 0.008964837 0.997617841 19.676940918 0.026293688 0.999596119 -0.010785189 -2.470293283 -0.997310936 0.026968691 0.068129353 84.049842834
0.067761786 0.008235808 0.997667134 20.404953003 0.026545448 0.999597073 -0.010054698 -2.483328581 -0.997347295 0.027164858 0.067515843 84.101524353
0.067215741 0.007462152 0.997710168 21.135702133 0.026696403 0.999600589 -0.009274813 -2.500847340 -0.997380197 0.027258700 0.066989668 84.154060364
0.066772997 0.006972466 0.997743428 21.870964050 0.027483815 0.999583304 -0.008824636 -2.516962767 -0.997388542 0.028011058 0.066553533 84.202423096
0.066418104 0.007242363 0.997765183 22.602918625 0.027736163 0.999573827 -0.009101788 -2.533664465 -0.997405231 0.028278716 0.066188917 84.253700256
0.066498324 0.008394518 0.997750819 23.329580307 0.028130544 0.999551356 -0.010284504 -2.550732613 -0.997388840 0.028751191 0.066232346 84.303451538
0.066834122 0.010137921 0.997712195 24.055292130 0.028467488 0.999521971 -0.012063259 -2.569563389 -0.997356832 0.029208610 0.066513568 84.354095459
0.067310415 0.010573686 0.997675657 24.786954880 0.030261716 0.999462187 -0.012634282 -2.587060213 -0.997272015 0.031041807 0.066954240 84.401969910
0.067915030 0.010723410 0.997633040 25.518001556 0.032096580 0.999401212 -0.012927415 -2.605694056 -0.997173667 0.032898583 0.067530178 84.451164246
0.068100318 0.009211186 0.997635543 26.252178192 0.032738708 0.999398232 -0.011462249 -2.626476765 -0.997140110 0.033441890 0.067757778 84.504417419
0.068565354 0.006695031 0.997623742 26.989545822 0.032625102 0.999427557 -0.008949403 -2.647560120 -0.997111976 0.033161201 0.068307683 84.557312012
0.069060728 0.005430301 0.997597218 27.721040726 0.032491155 0.999442399 -0.007689598 -2.666438580 -0.997082174 0.032944143 0.068845779 84.611595154
0.069473587 0.005028867 0.997570634 28.456830978 0.032692678 0.999438584 -0.007315078 -2.685108662 -0.997046888 0.033121467 0.069270171 84.664726257
0.069735706 0.005940637 0.997547328 29.194299698 0.032017149 0.999453723 -0.008190203 -2.702494383 -0.997050583 0.032509781 0.069507398 84.719436646
0.068204224 0.007076850 0.997645795 29.921056747 0.030169684 0.999502778 -0.009152564 -2.717631578 -0.997214079 0.030722912 0.067956798 84.776885986
0.065806836 0.007636634 0.997802675 30.652385712 0.028050702 0.999561250 -0.009500072 -2.734392405 -0.997437000 0.028614243 0.065563738 84.830825806
0.063603222 0.007515861 0.997946441 31.389116287 0.026761742 0.999599040 -0.009233929 -2.751859903 -0.997615337 0.027294099 0.063376568 84.881591797
0.061477460 0.007380930 0.998080671 32.127639771 0.026237493 0.999614954 -0.009008380 -2.769978046 -0.997762501 0.026740951 0.061260119 84.931045532
0.059501193 0.007266671 0.998201251 32.859710693 0.026019599 0.999622226 -0.008827990 -2.789541483 -0.997888029 0.026498077 0.059289627 84.978988647
0.057532299 0.007470477 0.998315156 33.589611053 0.025681224 0.999629796 -0.008960295 -2.807751417 -0.998012185 0.026153466 0.057319138 85.025733948
0.056041848 0.007579184 0.998399138 34.317436218 0.024463657 0.999660313 -0.008961933 -2.824440718 -0.998127580 0.024926739 0.055837385 85.071952820
0.054876477 0.007074032 0.998467565 35.046508789 0.024107350 0.999673784 -0.008407523 -2.842322826 -0.998200953 0.024531785 0.054688025 85.117301941
0.053885452 0.006386394 0.998526156 35.777862549 0.025258290 0.999650598 -0.007756637 -2.860430002 -0.998226523 0.025639037 0.053705301 85.159744263
0.053894274 0.006098748 0.998527467 36.514591217 0.025677482 0.999641955 -0.007491454 -2.876060486 -0.998215377 0.026043421 0.053718358 85.201759338
0.053997461 0.005628018 0.998524606 37.250385284 0.026599392 0.999620855 -0.007072607 -2.893384933 -0.998185694 0.026942054 0.053827267 85.242874146
0.054322917 0.006248627 0.998503268 37.985061646 0.026618065 0.999615729 -0.007703715 -2.907630205 -0.998167574 0.026996715 0.054135695 85.284049988
0.054660991 0.006589015 0.998482645 38.720569611 0.026788257 0.999608397 -0.008062929 -2.923222542 -0.998144567 0.027188338 0.054463055 85.326591492
0.054889206 0.006853179 0.998468339 39.452754974 0.026494918 0.999614120 -0.008317546 -2.938061237 -0.998139858 0.026910882 0.054686431 85.373023987
0.055235792 0.006515484 0.998451471 40.182769775 0.026148712 0.999626100 -0.007969721 -2.954704285 -0.998129845 0.026548438 0.055044748 85.416923523
0.055690158 0.006297321 0.998427629 40.919258118 0.025974082 0.999632299 -0.007753686 -2.970707655 -0.998109162 0.026365049 0.055506099 85.461921692
0.055728730 0.005963858 0.998427510 41.652004242 0.025807654 0.999639213 -0.007411576 -2.986468315 -0.998111367 0.026180113 0.055554692 85.506019592
0.055761263 0.006529389 0.998422146 42.383327484 0.024769286 0.999661624 -0.007920831 -3.002026320 -0.998135865 0.025171880 0.055580642 85.551345825
0.055238139 0.006287162 0.998452783 43.115249634 0.023809312 0.999687314 -0.007612143 -3.016961813 -0.998188317 0.024192955 0.055071149 85.595481873
0.054417446 0.006726769 0.998494983 43.844497681 0.023038499 0.999702454 -0.007990477 -3.030592680 -0.998251438 0.023438649 0.054246254 85.640182495
0.053901937 0.006797707 0.998522460 44.573799133 0.023081603 0.999700963 -0.008051701 -3.046806097 -0.998278439 0.023481501 0.053728890 85.683082581
0.053209860 0.006494506 0.998561561 45.305114746 0.023440244 0.999694943 -0.007750914 -3.062174559 -0.998307228 0.023818953 0.053041372 85.725830078
0.052580290 0.006857405 0.998592436 46.046138763 0.023974538 0.999679267 -0.008127220 -3.081051111 -0.998327851 0.024368126 0.052398998 85.763458252
0.051968470 0.007130249 0.998622537 46.782409668 0.024460830 0.999665082 -0.008410626 -3.097815037 -0.998348117 0.024864225 0.051776633 85.802139282
0.051428188 0.007740147 0.998645961 47.514499664 0.023835711 0.999675274 -0.008975602 -3.115104675 -0.998391211 0.024265038 0.051226977 85.841308594
0.051138666 0.007959177 0.998659134 48.246814728 0.023417963 0.999683380 -0.009166499 -3.131994724 -0.998415947 0.023855327 0.050936073 85.882446289
0.051066488 0.007646508 0.998665273 48.990196228 0.023149075 0.999692559 -0.008838084 -3.148112297 -0.998425901 0.023569509 0.050873768 85.918167114
0.050594769 0.007393129 0.998691201 49.724639893 0.022720303 0.999704897 -0.008551656 -3.162488461 -0.998459756 0.023123236 0.050411850 85.962532043
0.050515581 0.007464907 0.998694658 50.460533142 0.021701161 0.999727368 -0.008570295 -3.178677797 -0.998486459 0.022105768 0.050339796 86.002319336
0.050067253 0.007482580 0.998717070 51.205516815 0.020488180 0.999753416 -0.008517438 -3.193607807 -0.998534620 0.020888347 0.049901582 86.042663574
0.049929578 0.007907081 0.998720706 51.953376770 0.019497691 0.999769986 -0.008890135 -3.208708525 -0.998561382 0.019916635 0.049763899 86.081634521
0.049723104 0.007952895 0.998730659 52.691581726 0.019088158 0.999777734 -0.008911550 -3.226069450 -0.998579562 0.019507047 0.049560219 86.121551514
0.049161926 0.008069460 0.998757482 53.428936005 0.019120803 0.999776125 -0.009018864 -3.243187189 -0.998606682 0.019540440 0.048996601 86.163345337
0.049089607 0.008031285 0.998761356 54.163101196 0.019015403 0.999778569 -0.008974069 -3.260314465 -0.998612285 0.019432394 0.048925992 86.202117920
0.048803903 0.007528845 0.998779297 54.900054932 0.018307075 0.999796510 -0.008431050 -3.276322842 -0.998639524 0.018696204 0.048656117 86.242660522
0.048540432 0.007118265 0.998795152 55.630516052 0.018013760 0.999805391 -0.008000904 -3.293402195 -0.998657763 0.018380433 0.048402730 86.283454895
0.048547756 0.006882138 0.998796463 56.359706879 0.019311380 0.999782562 -0.007827575 -3.310794830 -0.998633206 0.019668160 0.048404269 86.320640564
0.048371773 0.006314741 0.998808742 57.086887360 0.020227483 0.999768496 -0.007300402 -3.329689264 -0.998623610 0.020556530 0.048232812 86.357826233
0.048375335 0.007044422 0.998803675 57.806678772 0.019708656 0.999773502 -0.008005803 -3.345778704 -0.998633802 0.020072371 0.048225511 86.396682739
0.048434447 0.007344331 0.998798609 58.527130127 0.019445639 0.999776304 -0.008294478 -3.360977411 -0.998636067 0.019824026 0.048280768 86.435226440
0.048602354 0.007538516 0.998788953 59.244762421 0.019215452 0.999779165 -0.008481024 -3.376733541 -0.998632312 0.019604390 0.048446734 86.471176147
0.048773404 0.007970400 0.998777270 59.960880280 0.019263495 0.999774396 -0.008919041 -3.392442226 -0.998623073 0.019674964 0.048608832 86.507980347
0.048871603 0.008245370 0.998770237 60.671714783 0.019389434 0.999769390 -0.009202365 -3.410670757 -0.998615861 0.019815335 0.048700429 86.541694641
0.048897229 0.008517713 0.998766720 61.379592896 0.018406723 0.999785841 -0.009427541 -3.426258564 -0.998633206 0.018845011 0.048729949 86.579650879
0.048825387 0.008695294 0.998768687 62.084293365 0.017342158 0.999803662 -0.009552074 -3.440985680 -0.998655736 0.017787196 0.048664983 86.619705200
0.048872638 0.008478927 0.998768210 62.786071777 0.016722517 0.999816537 -0.009306095 -3.457818270 -0.998664021 0.017156741 0.048721857 86.657051086
0.049244069 0.008386916 0.998750746 63.486915588 0.016413862 0.999822617 -0.009205200 -3.475132942 -0.998650908 0.016846668 0.049097646 86.695327759
0.049846720 0.007688357 0.998726487 64.183387756 0.016131943 0.999833405 -0.008502016 -3.490855932 -0.998625576 0.016535206 0.049714364 86.732154846
0.050392389 0.007307504 0.998701930 64.884384155 0.015881829 0.999840558 -0.008117188 -3.509488344 -0.998602211 0.016270271 0.050268278 86.768768311
0.051469821 0.007332898 0.998646796 65.578193665 0.016316148 0.999832988 -0.008182524 -3.522794962 -0.998540282 0.016715234 0.051341560 86.806198120
0.052734420 0.006837138 0.998584330 66.268486023 0.016630827 0.999831438 -0.007723927 -3.539096594 -0.998469114 0.017014612 0.052611805 86.844573975
0.054170366 0.006550617 0.998509407 66.958084106 0.016263356 0.999839664 -0.007441640 -3.555733919 -0.998398364 0.016642241 0.054055125 86.884475708
0.056151956 0.006117459 0.998402655 67.644706726 0.015538746 0.999854386 -0.007000271 -3.570430279 -0.998300433 0.015907016 0.056048702 86.926773071
0.058012020 0.005525093 0.998299778 68.324188232 0.016428240 0.999843657 -0.006488285 -3.584736347 -0.998179793 0.016776716 0.057912163 86.969642639
0.060164355 0.005233140 0.998173892 69.003997803 0.016749566 0.999839842 -0.006251433 -3.598498344 -0.998047054 0.017095102 0.060067046 87.014648438
0.062450424 0.005418054 0.998032510 69.676193237 0.016323591 0.999845624 -0.006449311 -3.609761477 -0.997913659 0.016694246 0.062352326 87.060935974
0.064530440 0.005730739 0.997898459 70.343666077 0.015726181 0.999853194 -0.006758908 -3.623382568 -0.997790933 0.016129294 0.064430825 87.111671448
0.067110762 0.005693637 0.997728467 71.008255005 0.015374652 0.999858797 -0.006739936 -3.638326168 -0.997626185 0.015792057 0.067013726 87.160209656
0.069881096 0.005427741 0.997539759 71.665534973 0.015132076 0.999864101 -0.006500431 -3.652059317 -0.997439623 0.015549110 0.069789439 87.208969116
0.071546428 0.004404258 0.997426748 72.315559387 0.014550693 0.999878943 -0.005458812 -3.665884495 -0.997330248 0.014903815 0.071473666 87.264579773
0.073789209 0.003988965 0.997265041 72.947082520 0.013522281 0.999895751 -0.005000013 -3.682460070 -0.997181296 0.013854250 0.073727563 87.316314697
0.076282427 0.004579284 0.997074902 73.558883667 0.012855327 0.999901474 -0.005575768 -3.694409847 -0.997002482 0.013243061 0.076216035 87.369186401
0.079497166 0.005432560 0.996819437 74.157516479 0.012123751 0.999905527 -0.006416248 -3.707137585 -0.996760488 0.012595269 0.079423785 87.417961121
0.083811440 0.006637409 0.996458650 74.756645203 0.011339230 0.999906301 -0.007614098 -3.712808132 -0.996416271 0.011937228 0.083728321 87.466224670
0.087770239 0.007644082 0.996110499 75.338485718 0.009258350 0.999920666 -0.008489092 -3.722379684 -0.996096909 0.009967435 0.087692507 87.530845642
0.092164263 0.008515377 0.995706499 75.906669617 0.007688352 0.999927163 -0.009263108 -3.733664989 -0.995713294 0.008509074 0.092092067 87.577278137
0.095944688 0.009015214 0.995344937 76.458976746 0.007052461 0.999927342 -0.009736518 -3.746623993 -0.995360911 0.007953803 0.095874116 87.632377625
0.100746669 0.011119274 0.994849086 77.000320435 0.006817923 0.999905944 -0.011866223 -3.733976364 -0.994887948 0.007978291 0.100661367 87.674758911
0.104080625 0.010951796 0.994507611 77.518753052 0.006749139 0.999908149 -0.011717591 -3.750070572 -0.994545162 0.007931648 0.103997134 87.728637695
0.106855333 0.011089211 0.994211793 78.021873474 0.004751986 0.999920249 -0.011663603 -3.762219667 -0.994262397 0.005970801 0.106794097 87.778694153
0.107080735 0.012844348 0.994166434 78.507324219 0.001717533 0.999912262 -0.013103566 -3.762010098 -0.994247973 0.003110655 0.107049264 87.834877014
0.105771661 0.014350943 0.994285941 78.976135254 -0.001955322 0.999896467 -0.014223906 -3.767190695 -0.994387686 -0.000439664 0.105788760 87.871398926
0.098929018 0.014190254 0.994992316 79.426460266 -0.004909811 0.999892652 -0.013771961 -3.783438206 -0.995081544 -0.003522780 0.098988064 87.921783447
0.086768895 0.015575683 0.996105671 79.864982605 -0.007977522 0.999856114 -0.014939406 -3.782724857 -0.996195734 -0.006650184 0.086880654 87.949935913
0.066429839 0.015570183 0.997668624 80.281661987 -0.010066289 0.999837399 -0.014933753 -3.794379950 -0.997739494 -0.009050779 0.066575743 87.968017578
0.039015107 0.015546660 0.999116719 80.680236816 -0.010331230 0.999831378 -0.015154338 -3.806061745 -0.999184370 -0.009730863 0.039169095 87.968826294
0.003809482 0.017431410 0.999839842 81.072418213 -0.009553340 0.999802709 -0.017394349 -3.808697462 -0.999946237 -0.009485554 0.003975183 87.949867249
-0.038807068 0.018394887 0.999076426 81.444732666 -0.007686893 0.999795079 -0.018706687 -3.817797899 -0.999216318 -0.008405752 -0.038657814 87.903411865
-0.090045400 0.017814817 0.995777309 81.818382263 -0.006001346 0.999811709 -0.018429667 -3.829932690 -0.995918751 -0.007635518 -0.089921661 87.848495483
-0.148457021 0.025088919 0.988599598 82.179374695 -0.000895131 0.999673843 -0.025504375 -3.787446022 -0.988917589 -0.004671234 -0.148386315 87.776062012
-0.210127994 0.024995208 0.977353334 82.516471863 0.002250595 0.999682367 -0.025082378 -3.814865112 -0.977670372 -0.003070887 -0.210117713 87.664642334
-0.275727630 0.023563290 0.960946023 82.845497131 0.007440716 0.999721348 -0.022379098 -3.852198362 -0.961206019 0.000979589 -0.275826365 87.520767212
-0.344430000 0.025563607 0.938462913 83.162078857 0.014708487 0.999652922 -0.021832170 -3.844245911 -0.938695788 0.006283717 -0.344686717 87.363800049
-0.413535118 0.023803141 0.910175979 83.474082947 0.020438399 0.999648452 -0.016856927 -3.849580526 -0.910257816 0.011631613 -0.413876534 87.196701050
-0.478429466 0.025433537 0.877756596 83.751426697 0.025502322 0.999560714 -0.015062601 -3.838923216 -0.877754629 0.015178445 -0.478868246 87.000640869
-0.541242063 0.026324391 0.840453625 84.009506226 0.027344672 0.999531627 -0.013697333 -3.834717274 -0.840421140 0.015568361 -0.541708767 86.788902283
-0.600589991 0.030713640 0.798965871 84.228355408 0.026432224 0.999477863 -0.018552322 -3.755294323 -0.799119115 0.009976107 -0.601088643 86.547653198
-0.658460200 0.027729239 0.752103269 84.444648743 0.025877936 0.999563754 -0.014196916 -3.753351688 -0.752169371 0.010114777 -0.658890963 86.301612854
-0.711952031 0.026842041 0.701713562 84.630035400 0.026742447 0.999580145 -0.011103429 -3.750401258 -0.701717436 0.010860432 -0.712371349 86.043876648
-0.762346327 0.024679342 0.646697044 84.806472778 0.026530918 0.999623775 -0.006872319 -3.768103123 -0.646623850 0.011918384 -0.762714744 85.765037537
-0.806285322 0.028479291 0.590839088 84.955650330 0.031337880 0.999493599 -0.005411956 -3.773061514 -0.590694487 0.014152070 -0.806770027 85.473396301
-0.843664825 0.033151392 0.535843790 85.104751587 0.035125945 0.999360979 -0.006523693 -3.761992216 -0.535718083 0.013318216 -0.844290733 85.160911560
-0.875621498 0.036246359 0.481633812 85.213653564 0.037389446 0.999274015 -0.007227567 -3.764983177 -0.481546521 0.011679415 -0.876341641 84.851013184
-0.902331293 0.034782220 0.429635167 85.327812195 0.035418544 0.999350727 -0.006518025 -3.757582188 -0.429583281 0.009335639 -0.902977884 84.528541565
-0.923304737 0.031660844 0.382758379 85.437408447 0.032910030 0.999452353 -0.003285404 -3.758728504 -0.382653117 0.009563167 -0.923841476 84.191581726
-0.939905703 0.029795742 0.340128601 85.532119751 0.031960092 0.999488235 0.000761431 -3.761911154 -0.339932173 0.011586223 -0.940377474 83.840728760
-0.953644395 0.029195502 0.299512982 85.613494873 0.031881567 0.999482691 0.004084234 -3.761680126 -0.299239099 0.013443857 -0.954082429 83.483833313
-0.964833856 0.029089112 0.261242270 85.686012268 0.031671438 0.999481618 0.005679200 -3.762624979 -0.260941893 0.013753410 -0.965255499 83.118721008
-0.973672152 0.028611718 0.226145744 85.746757507 0.030842122 0.999503613 0.006334877 -3.755353212 -0.225852415 0.013142915 -0.974071860 82.745857239
-0.980731010 0.028028030 0.193336681 85.803802490 0.030063629 0.999518514 0.007602310 -3.754802227 -0.193030685 0.013268230 -0.981101990 82.359909058
-0.986107826 0.027671140 0.163779303 85.853446960 0.029486578 0.999527097 0.008663472 -3.753447294 -0.163462266 0.013372415 -0.986457884 81.958480835
-0.990048945 0.028595891 0.137780041 85.892929077 0.030141592 0.999503314 0.009144804 -3.752405167 -0.137450218 0.013206720 -0.990419567 81.550239563
-0.992861331 0.030180646 0.115383908 85.927871704 0.031458180 0.999461651 0.009266655 -3.750903606 -0.115042232 0.012830278 -0.993276715 81.126556396
-0.994845808 0.031284984 0.096442260 85.958923340 0.032356441 0.999430180 0.009565528 -3.749494314 -0.096088156 0.012636760 -0.995291531 80.693099976
-0.996241927 0.030893680 0.080905557 85.986968994 0.031794310 0.999445260 0.009866928 -3.747853756 -0.080555953 0.012402189 -0.996671855 80.247406006
-0.997175634 0.030258426 0.068725839 86.013710022 0.031017920 0.999468207 0.010010549 -3.744727135 -0.068386488 0.012114014 -0.997584224 79.785675049
-0.997764826 0.030490089 0.059445012 86.038635254 0.031119846 0.999468148 0.009696729 -3.743568420 -0.059117835 0.011524982 -0.998183370 79.311439514
-0.998135507 0.030860208 0.052640878 86.061988831 0.031402290 0.999461234 0.009501521 -3.739872217 -0.052319385 0.011136858 -0.998567224 78.816452026
-0.998334169 0.031698242 0.048186667 86.086021423 0.032187413 0.999437153 0.009409353 -3.735888004 -0.047861371 0.010944692 -0.998792946 78.307518005
-0.998410642 0.032333165 0.046136584 86.110122681 0.032786597 0.999420524 0.009104935 -3.733907461 -0.045815542 0.010603135 -0.998892546 77.786781311
-0.998391271 0.033523701 0.045704562 86.135452271 0.033965267 0.999382854 0.008918808 -3.735665798 -0.045377444 0.010456837 -0.998914063 77.257064819
-0.998349011 0.033788934 0.046426635 86.165679932 0.034259632 0.999368548 0.009380100 -3.735887766 -0.046080455 0.010955182 -0.998876572 76.712013245
-0.998264372 0.034452960 0.047740787 86.195571899 0.034977600 0.999335706 0.010197449 -3.734603882 -0.047357820 0.011849617 -0.998806596 76.155662537
-0.998161018 0.035942912 0.048790723 86.225158691 0.036549844 0.999264121 0.011604286 -3.734357834 -0.048337806 0.013366249 -0.998740494 75.591812134
-0.998024881 0.037858784 0.050107703 86.255065918 0.038565420 0.999168396 0.013210809 -3.731358290 -0.049565967 0.015117152 -0.998655319 75.025329590
-0.997902036 0.039106797 0.051574640 86.286575317 0.039901625 0.999098480 0.014472015 -3.730758190 -0.050962269 0.016499577 -0.998563170 74.460014343
-0.997772038 0.040335331 0.053120088 86.316200256 0.041210163 0.999030352 0.015477265 -3.732087135 -0.052444376 0.017631885 -0.998467028 73.899757385
-0.997627556 0.041928362 0.054579280 86.347038269 0.042866312 0.998950362 0.016128596 -3.732453823 -0.053845815 0.018429961 -0.998378038 73.341247559
-0.997473419 0.043275245 0.056318138 86.381210327 0.044255268 0.998887479 0.016271379 -3.731585026 -0.055551406 0.018722659 -0.998279095 72.779663086
-0.997328699 0.044096556 0.058211364 86.416198730 0.045113701 0.998849034 0.016275365 -3.731037617 -0.057426743 0.018858036 -0.998170435 72.223983765
-0.997143805 0.045597326 0.060189378 86.450317383 0.046621148 0.998788774 0.015715690 -3.732702971 -0.059399951 0.018476918 -0.998062074 71.664443970
-0.996976554 0.046679653 0.062100239 86.487792969 0.047681108 0.998753607 0.014742356 -3.731669664 -0.061334744 0.017658811 -0.997959852 71.109291077
-0.996842384 0.046838291 0.064102232 86.526062012 0.047811478 0.998761773 0.013731898 -3.732263565 -0.063379757 0.016753379 -0.997847676 70.562286377
-0.996696711 0.047409840 0.065921552 86.567764282 0.048373621 0.998743176 0.013100483 -3.730561733 -0.065217681 0.016246090 -0.997737646 70.011886597
-0.996537685 0.048153542 0.067761339 86.607833862 0.049153905 0.998704135 0.013172807 -3.731819868 -0.067039289 0.016457951 -0.997613430 69.469879150
-0.996425450 0.047813565 0.069626637 86.650688171 0.048874810 0.998711884 0.013617817 -3.731906414 -0.068885908 0.016972145 -0.997479022 68.915206909
-0.996327043 0.047615893 0.071153633 86.695991516 0.048770707 0.998703361 0.014580494 -3.731766462 -0.070367187 0.017997170 -0.997357666 68.368103027
-0.996236682 0.047607478 0.072412349 86.738563538 0.048841789 0.998688042 0.015370307 -3.735089064 -0.071585685 0.018849233 -0.997255206 67.819747925
-0.996226430 0.046881411 0.073024690 86.782272339 0.048160989 0.998713434 0.015860250 -3.735627413 -0.072187275 0.019317362 -0.997202873 67.270896912
-0.996308506 0.045593299 0.072720066 86.825134277 0.046858527 0.998776555 0.015787447 -3.737035751 -0.071911387 0.019136744 -0.997226298 66.731636047
-0.996406972 0.045357656 0.071508043 86.864921570 0.046611842 0.998785198 0.015968027 -3.737738609 -0.070697010 0.019243795 -0.997311056 66.191078186
-0.996537864 0.045417376 0.069621280 86.903190613 0.046633299 0.998784661 0.015939159 -3.736534595 -0.068812855 0.019130666 -0.997444987 65.659416199
-0.996705651 0.044929173 0.067503579 86.940528870 0.046102509 0.998809516 0.015924854 -3.737554073 -0.066707827 0.018984497 -0.997590780 65.131629944
-0.996902049 0.043737456 0.065351695 86.977767944 0.044870567 0.998864830 0.015971892 -3.737231970 -0.064579040 0.018854801 -0.997733295 64.608695984
-0.997144580 0.042386375 0.062478032 87.013961792 0.043496240 0.998916864 0.016511614 -3.737622023 -0.061710592 0.019182047 -0.997908592 64.096961975
-0.997567058 0.039589494 0.057360053 87.046485901 0.040625509 0.999029398 0.017008994 -3.738847733 -0.056631103 0.019297915 -0.998207450 63.600322723
-0.998176336 0.036235724 0.048254494 87.071418762 0.037120800 0.999155998 0.017573494 -3.740523815 -0.047577076 0.019332714 -0.998679280 63.125614166
-0.998803139 0.034296419 0.034837544 87.083297729 0.034952007 0.999219596 0.018386858 -3.741004705 -0.034179848 0.019582514 -0.999222636 62.667049408
-0.999300361 0.033394311 0.016767973 87.082504272 0.033718001 0.999242663 0.019407697 -3.741506577 -0.016107254 0.019959522 -0.999669850 62.225494385
-0.999462783 0.031954765 -0.007103402 87.067993164 0.031803317 0.999283671 0.020498371 -3.741482973 0.007753259 0.020261470 -0.999763489 61.795795441
-0.998841405 0.031154608 -0.036642708 87.036598206 0.030354919 0.999292731 0.022181582 -3.739651203 0.037307784 0.021043617 -0.999081075 61.384227753
-0.996947289 0.030787546 -0.071733885 86.986564636 0.029143482 0.999290228 0.023854148 -3.734928846 0.072417334 0.021690775 -0.997137368 60.989807129
-0.993074596 0.033448257 -0.112612464 86.909912109 0.030901056 0.999226928 0.024289653 -3.729438305 0.113337830 0.020641614 -0.993340909 60.608947754
-0.986720204 0.036641266 -0.158234671 86.815612793 0.033049248 0.999133766 0.025273494 -3.724310875 0.159023643 0.019708352 -0.987076938 60.240905762
-0.977216721 0.040801559 -0.208279192 86.700675964 0.035865307 0.998979926 0.027423473 -3.717965126 0.209185660 0.019328702 -0.977683783 59.885955811
-0.964001536 0.045447517 -0.261979014 86.561340332 0.038981769 0.998794258 0.029827613 -3.713156223 0.263018757 0.018541481 -0.964611411 59.546077728
-0.946924865 0.049388941 -0.317634106 86.403526306 0.041560169 0.998642683 0.031380516 -3.707377434 0.318752885 0.016514083 -0.947692811 59.221931458
-0.926244855 0.053039514 -0.373168409 86.225517273 0.043723647 0.998485088 0.033390641 -3.699143887 0.374374211 0.014611647 -0.927161396 58.907745361
-0.901867926 0.056451496 -0.428304762 86.033493042 0.045203861 0.998314142 0.036395572 -3.686100483 0.429637402 0.013462992 -0.902899921 58.608428955
-0.874321222 0.059152808 -0.481726885 85.824409485 0.046367228 0.998185098 0.038415089 -3.677751780 0.483125120 0.011250812 -0.875477731 58.330516815
-0.843675673 0.059813559 -0.533508360 85.601913452 0.045999356 0.998172879 0.039166614 -3.668333530 0.534876525 0.008502901 -0.844886124 58.064762115
-0.810366094 0.059134252 -0.582930028 85.366546631 0.044847429 0.998234987 0.038918946 -3.658115625 0.584202886 0.005395699 -0.811588287 57.821250916
-0.773029327 0.055026907 -0.631977141 85.121414185 0.040057641 0.998476326 0.037940152 -3.647286892 0.633102298 0.004013359 -0.774056196 57.587936401
-0.731347084 0.051885042 -0.680027068 84.860496521 0.036035903 0.998648405 0.037439901 -3.632936478 0.681050897 0.002876198 -0.732228756 57.367862701
-0.685960293 0.050953161 -0.725851059 84.576393127 0.032233175 0.998693347 0.039644338 -3.618023634 0.726922989 0.003797985 -0.686706662 57.156913757
-0.637513518 0.051922549 -0.768685937 84.273956299 0.028687026 0.998633862 0.043663125 -3.603443623 0.769903302 0.005784547 -0.638132393 56.961688995
-0.586234868 0.052823134 -0.808415651 83.957206726 0.024349861 0.998569608 0.047590394 -3.587846994 0.809773564 0.008214366 -0.586682796 56.782009125
-0.533594787 0.054953676 -0.843951464 83.625427246 0.020578630 0.998434424 0.052001771 -3.574901342 0.845488369 0.010380539 -0.533890545 56.621143341
-0.480686486 0.058748420 -0.874920845 83.276306152 0.019669894 0.998224020 0.056221101 -3.562196732 0.876670420 0.009815155 -0.480988652 56.475593567
-0.430154145 0.061491515 -0.900657296 82.920768738 0.017390175 0.998056173 0.059835758 -3.550945759 0.902586520 0.010076043 -0.430387586 56.350021362
-0.382661998 0.062161852 -0.921793461 82.548606873 0.014504068 0.998014629 0.061280832 -3.534487963 0.923773170 0.010080122 -0.382804066 56.235801697
-0.338068098 0.059813362 -0.939217687 82.165191650 0.010289546 0.998153031 0.059862919 -3.513706684 0.941064000 0.010573653 -0.338059336 56.129535675
-0.295750022 0.056949794 -0.953565001 81.780937195 0.005418603 0.998304725 0.057941187 -3.494077444 0.955248654 0.011969150 -0.295557380 56.036006927
-0.255778611 0.054067753 -0.965220988 81.383666992 0.001345062 0.998453200 0.055572841 -3.477050304 0.966733158 0.012916096 -0.255455792 55.955917358
-0.218175933 0.051615197 -0.974542379 80.977981567 -0.001289007 0.998583734 0.053177081 -3.459725857 0.975907326 0.012858183 -0.217800468 55.889507294
-0.183037296 0.050027478 -0.981831133 80.557197571 -0.002592911 0.998675883 0.051369142 -3.441625595 0.983101249 0.011948301 -0.182665259 55.833473206
-0.150708035 0.048929464 -0.987365544 80.120384216 -0.003045752 0.998746157 0.049958318 -3.421404600 0.988572359 0.010536421 -0.150370061 55.788757324
-0.121580049 0.047888853 -0.991424561 79.672454834 -0.002827785 0.998814166 0.048592553 -3.402173519 0.992576361 0.008711450 -0.121300451 55.752208710
-0.096959122 0.046935067 -0.994179904 79.211608887 -0.001758813 0.998877287 0.047328342 -3.383371592 0.995285571 0.006337519 -0.096767709 55.725059509
-0.076732993 0.047661714 -0.995910645 78.735206604 -0.000967421 0.998852193 0.047877010 -3.365159512 0.997049928 0.004637239 -0.076598793 55.702903748
-0.060224324 0.049380463 -0.996961415 78.244499207 -0.000422116 0.998773634 0.049495704 -3.346327305 0.998183548 0.003401705 -0.060129590 55.682296753
-0.047066242 0.051278524 -0.997573495 77.737724304 -0.001520599 0.998676002 0.051406927 -3.325399160 0.998889387 0.003936467 -0.046925917 55.663600922
-0.037129015 0.052330326 -0.997938156 77.218208313 -0.002715552 0.998618305 0.052467018 -3.302864075 0.999305546 0.004658028 -0.036935568 55.645195007
-0.030551232 0.053384740 -0.998105347 76.688835144 -0.002568426 0.998564541 0.053487908 -3.282443762 0.999528587 0.004197707 -0.030370221 55.631523132
-0.025972864 0.054689102 -0.998164356 76.136192322 -0.001183525 0.998499334 0.054738246 -3.260190487 0.999660671 0.002603087 -0.025869118 55.619663239
-0.022673167 0.055926740 -0.998176157 75.568069458 -0.001457545 0.998430431 0.055974085 -3.239580154 0.999740601 0.002724022 -0.022556018 55.603500366
-0.021493915 0.056140177 -0.998190224 74.984802246 -0.001268105 0.998419106 0.056180343 -3.213252783 0.999766946 0.002473371 -0.021388697 55.586704254
-0.022545885 0.055604465 -0.998197019 74.392921448 -0.001129504 0.998449326 0.055644017 -3.186367750 0.999743938 0.002382036 -0.022448070 55.564735413
-0.024100456 0.054680850 -0.998211682 73.774177551 -0.000501097 0.998501480 0.054708805 -3.158887863 0.999708176 0.001818733 -0.024036892 55.546306610
-0.025765292 0.054099601 -0.998201787 73.139366150 0.000853621 0.998534620 0.054095592 -3.129694700 0.999666393 0.000541726 -0.025773671 55.528778076
-0.028480198 0.053481784 -0.998161316 72.504508972 0.002734035 0.998567283 0.053425513 -3.101213455 0.999589324 -0.001207416 -0.028585574 55.506397247
-0.031463075 0.053410206 -0.998075604 71.853881836 0.003805037 0.998569608 0.053316679 -3.075751066 0.999496400 -0.002120186 -0.031621262 55.479717255
-0.034124557 0.053144369 -0.998002350 71.182609558 0.004780330 0.998581648 0.053011756 -3.048871040 0.999404907 -0.002961757 -0.034330174 55.451114655
-0.037291542 0.053058267 -0.997893572 70.484161377 0.006455109 0.998580575 0.052853562 -3.016735554 0.999282300 -0.004470502 -0.037581082 55.417339325
-0.040252108 0.053522088 -0.997753799 69.773849487 0.007703829 0.998550475 0.053254023 -2.984461784 0.999158561 -0.005542919 -0.040606067 55.384487152
-0.042258348 0.053900268 -0.997650504 69.048645020 0.009020161 0.998522818 0.053565316 -2.951884270 0.999064744 -0.006735368 -0.042682096 55.352645874
-0.044529904 0.053595401 -0.997568130 68.303756714 0.009096470 0.998539448 0.053241529 -2.916300058 0.998965383 -0.006703489 -0.044952378 55.315544128
-0.045943070 0.053911436 -0.997487009 67.565834045 0.008334218 0.998527825 0.053583819 -2.885516882 0.998907983 -0.005851450 -0.046324726 55.276672363
-0.046787798 0.055107817 -0.997382343 66.809585571 0.008626180 0.998461425 0.054762773 -2.850262880 0.998866260 -0.006041352 -0.047191162 55.238597870
-0.047814324 0.056451429 -0.997258484 66.043060303 0.008855225 0.998385727 0.056090657 -2.815404415 0.998815715 -0.006148994 -0.048237011 55.197475433
-0.048563682 0.057278343 -0.997175157 65.269889832 0.008320983 0.998342276 0.056940127 -2.779653311 0.998784125 -0.005532236 -0.048959766 55.158401489
-0.049506601 0.057960045 -0.997089446 64.489456177 0.008321742 0.998303354 0.057617418 -2.745054722 0.998737872 -0.005445059 -0.049904909 55.115505219
-0.050367039 0.057466924 -0.997074902 63.706893921 0.007298721 0.998337030 0.057170969 -2.707497597 0.998702884 -0.004397820 -0.050702687 55.071258545
-0.050966565 0.056738038 -0.997086167 62.928409576 0.006868063 0.998380542 0.056460623 -2.674770355 0.998675466 -0.003970427 -0.051273677 55.024833679
-0.051313099 0.056578673 -0.997077405 62.130119324 0.005677062 0.998393655 0.056361191 -2.638161182 0.998665214 -0.002768383 -0.051551841 54.988235474
-0.050857723 0.056210797 -0.997121572 61.318187714 0.004896364 0.998416185 0.056034032 -2.599639416 0.998692632 -0.002032486 -0.051052373 54.943397522
-0.050350342 0.056282125 -0.997143269 60.509307861 0.004307286 0.998413146 0.056136295 -2.563052416 0.998721063 -0.001468478 -0.050512839 54.897861481
-0.049473617 0.056990683 -0.997146904 59.685356140 0.003473876 0.998373866 0.056888435 -2.520756006 0.998768151 -0.000649466 -0.049591113 54.853031158
-0.048580535 0.057920694 -0.997137249 58.864162445 0.003423728 0.998320401 0.057822596 -2.484633923 0.998812139 -0.000604852 -0.048697211 54.808708191
-0.047781169 0.058504965 -0.997141778 58.033344269 0.004619188 0.998284876 0.058350675 -2.446160555 0.998845875 -0.001817901 -0.047969431 54.769401550
-0.047318544 0.058877371 -0.997141898 57.195503235 0.006015260 0.998259425 0.058657892 -2.408339977 0.998860478 -0.003222442 -0.047590308 54.728519440
-0.047460344 0.058862146 -0.997136056 56.364688873 0.007524109 0.998254359 0.058570024 -2.372362375 0.998843551 -0.004722787 -0.047820333 54.690879822
-0.047129840 0.058691896 -0.997161746 55.526924133 0.008900022 0.998256743 0.058335684 -2.333649874 0.998847902 -0.006125391 -0.047569994 54.649044037
-0.047355004 0.058510724 -0.997161746 54.679275513 0.010242894 0.998258293 0.058088623 -2.295405149 0.998824358 -0.007463017 -0.047871798 54.608909607
-0.047406875 0.058813751 -0.997141421 53.828929901 0.010958504 0.998235047 0.058357242 -2.256235361 0.998814344 -0.008160626 -0.047967669 54.565544128
-0.047714703 0.059445351 -0.997089267 52.980136871 0.011606973 0.998192549 0.058955669 -2.215451002 0.998792410 -0.008760119 -0.048318397 54.521038055
-0.047797609 0.060408883 -0.997027397 52.138168335 0.013188388 0.998120189 0.059842817 -2.178862572 0.998768806 -0.010288826 -0.048504405 54.480468750
-0.048319135 0.061266240 -0.996949911 51.276119232 0.012966630 0.998070896 0.060706649 -2.135475159 0.998746634 -0.009993775 -0.049020290 54.436187744
-0.048485979 0.061800383 -0.996908844 50.408813477 0.012953226 0.998038471 0.061240382 -2.093067884 0.998738766 -0.009943873 -0.049191337 54.389125824
-0.049333323 0.061908778 -0.996860564 49.559688568 0.013045379 0.998031378 0.061335862 -2.055874348 0.998696029 -0.009978510 -0.050043780 54.343166351
-0.050119765 0.061359063 -0.996855319 48.694099426 0.013119634 0.998064756 0.060773853 -2.011765003 0.998655915 -0.010032393 -0.050827734 54.296337128
-0.050898157 0.061302684 -0.996819377 47.838142395 0.012223515 0.998077214 0.060755875 -1.974405289 0.998627961 -0.009092261 -0.051549587 54.258377075
-0.051742375 0.061478540 -0.996765077 46.987499237 0.011465956 0.998073518 0.060964014 -1.933933735 0.998593509 -0.008274429 -0.052347563 54.207939148
-0.052246403 0.061963055 -0.996708810 46.142929077 0.011309750 0.998045325 0.061453268 -1.896267056 0.998569071 -0.008061801 -0.052845024 54.155174255
-0.053627770 0.061852623 -0.996642292 45.320968628 0.011618175 0.998050272 0.061314814 -1.855680823 0.998492301 -0.008290972 -0.054241788 54.124820709
-0.053943384 0.061669029 -0.996636629 44.488609314 0.011088919 0.998065948 0.061157245 -1.815356851 0.998481333 -0.007752577 -0.054522861 54.076225281
-0.054007631 0.061330132 -0.996654034 43.656269073 0.010399105 0.998091817 0.060855057 -1.779541492 0.998485267 -0.007077656 -0.054542314 54.023681641
-0.053851932 0.061143637 -0.996673882 42.820610046 0.010954983 0.998099029 0.060639113 -1.743405581 0.998487711 -0.007652995 -0.054419350 53.975780487
-0.053371079 0.061069053 -0.996704280 41.977161407 0.011675725 0.998097479 0.060529176 -1.704491615 0.998505414 -0.008406722 -0.053982526 53.931159973
-0.052924752 0.061476130 -0.996703029 41.146183014 0.012348460 0.998066545 0.060904492 -1.664298773 0.998521090 -0.009084377 -0.053581517 53.884544373
-0.052292459 0.061576728 -0.996730208 40.325046539 0.013087433 0.998053014 0.060971793 -1.626466393 0.998544991 -0.009856261 -0.052996483 53.838516235
-0.051985774 0.061074935 -0.996777117 39.500236511 0.014051968 0.998073399 0.060421459 -1.596594810 0.998547912 -0.010865612 -0.052743796 53.794673920
-0.051347513 0.059422977 -0.996910036 38.689014435 0.014504450 0.998166680 0.058750767 -1.562467694 0.998574495 -0.011442915 -0.052115224 53.746932983
-0.051064443 0.058363393 -0.996987164 37.880310059 0.014109709 0.998232841 0.057713594 -1.526491404 0.998594642 -0.011120074 -0.051797647 53.699420929
-0.050713528 0.058612619 -0.996990442 37.076999664 0.013528318 0.998224497 0.057996988 -1.494161248 0.998620570 -0.010546361 -0.051416364 53.649120331
-0.050349981 0.059818685 -0.996937215 36.267135620 0.013700604 0.998151541 0.059199560 -1.459127188 0.998636663 -0.010677936 -0.051076405 53.605792999
-0.050086964 0.060926504 -0.996883392 35.459213257 0.014286842 0.998078525 0.060281686 -1.422282934 0.998641670 -0.011222980 -0.050861109 53.556472778
-0.050116971 0.062026553 -0.996814072 34.665981293 0.014389965 0.998010278 0.061377462 -1.387273312 0.998638690 -0.011268057 -0.050909750 53.516223907
-0.050857838 0.062416952 -0.996752203 33.852497101 0.014930283 0.997980475 0.061732035 -1.350323200 0.998593330 -0.011742225 -0.051686972 53.468067169
-0.051765382 0.062076546 -0.996726751 33.049633026 0.015231200 0.997998595 0.061364688 -1.313337326 0.998542130 -0.012004768 -0.052607223 53.416198730
-0.052889787 0.061389737 -0.996710241 32.264232635 0.016157364 0.998029888 0.060613610 -1.277778268 0.998468637 -0.012898361 -0.053777434 53.368824005
-0.054666903 0.060735743 -0.996654391 31.469129562 0.016778564 0.998062670 0.059901223 -1.238766909 0.998362660 -0.013447808 -0.055579998 53.321914673
-0.056254007 0.060183495 -0.996599555 30.684196472 0.016741380 0.998097479 0.059328940 -1.201092958 0.998275161 -0.013346954 -0.057154480 53.272754669
-0.058132205 0.059712760 -0.996520042 29.905811310 0.015936213 0.998137236 0.058879994 -1.163541675 0.998180747 -0.012457924 -0.058975458 53.221549988
-0.059024140 0.059407946 -0.996485829 29.133367538 0.013406960 0.998184085 0.058715038 -1.128269315 0.998165607 -0.009894231 -0.059713379 53.164566040
-0.059219662 0.059919957 -0.996443570 28.364263535 0.011214620 0.998173118 0.059357435 -1.094552398 0.998181045 -0.007659596 -0.059783395 53.112499237
-0.058671772 0.060787689 -0.996423423 27.577020645 0.009218096 0.998134136 0.060349233 -1.053832293 0.998233855 -0.005644316 -0.059122585 53.050319672
-0.057599097 0.062657729 -0.996370137 26.827623367 0.007682481 0.998026192 0.062317718 -1.019498825 0.998309374 -0.004065135 -0.057966705 53.001262665
-0.056122988 0.064043000 -0.996366262 26.062524796 0.007156578 0.997940242 0.063741013 -0.984622836 0.998397350 -0.003553222 -0.056465648 52.953186035
-0.053740263 0.064526923 -0.996466398 25.303401947 0.007069041 0.997908950 0.064239055 -0.951624632 0.998529017 -0.003591823 -0.054083962 52.902458191
-0.051654659 0.064537436 -0.996576011 24.550991058 0.007747483 0.997905016 0.064221889 -0.917006552 0.998634040 -0.004403581 -0.052046370 52.864109039
-0.049460430 0.063841693 -0.996732116 23.801801682 0.008839077 0.997943342 0.063480608 -0.876532912 0.998736084 -0.005670401 -0.049922928 52.819763184
-0.047866166 0.063266970 -0.996846616 23.060922623 0.009716957 0.997973740 0.062871881 -0.841481328 0.998805583 -0.006676868 -0.048383854 52.785568237
-0.046902768 0.063279830 -0.996891618 22.310970306 0.010158245 0.997969449 0.062870272 -0.801549673 0.998846948 -0.007177867 -0.047450259 52.748733521
-0.045461275 0.063320853 -0.996955752 21.565803528 0.010037803 0.997967064 0.062927313 -0.766459107 0.998914838 -0.007146477 -0.046004374 52.710029602
-0.043846034 0.063592292 -0.997010827 20.822357178 0.010234057 0.997947752 0.063201934 -0.731043160 0.998985052 -0.007432299 -0.044406772 52.673213959
-0.042505763 0.063299425 -0.997087479 20.086450577 0.010354367 0.997964740 0.062913664 -0.697282016 0.999041736 -0.007650004 -0.043074589 52.637905121
-0.040889595 0.062396314 -0.997211933 19.354467392 0.010474304 0.998019636 0.062017310 -0.664437652 0.999107957 -0.007909226 -0.041462086 52.605369568
-0.040109783 0.060968414 -0.997331917 18.630598068 0.010344007 0.998108089 0.060599800 -0.630400300 0.999140978 -0.007885751 -0.040664464 52.573299408
-0.039793611 0.060236473 -0.997389019 17.900608063 0.011394272 0.998143256 0.059827361 -0.594627559 0.999142230 -0.008983763 -0.040405981 52.541694641
-0.039501324 0.060287584 -0.997397542 17.173070908 0.012184702 0.998132646 0.059849385 -0.558794200 0.999144495 -0.009788851 -0.040162053 52.511337280
-0.038805854 0.061002553 -0.997381389 16.456731796 0.012986911 0.998080909 0.060539983 -0.530299962 0.999161720 -0.010603588 -0.039523523 52.475353241
-0.038244672 0.061943449 -0.997345090 15.739345551 0.013139065 0.998021305 0.061481550 -0.500970125 0.999181390 -0.010752830 -0.038982786 52.443584442
-0.037695073 0.063147351 -0.997290492 15.025582314 0.013721718 0.997939527 0.062669739 -0.469884604 0.999194443 -0.011322189 -0.038483802 52.412918091
-0.037175089 0.064246610 -0.997239769 14.318093300 0.014170761 0.997864246 0.063758522 -0.437239736 0.999207675 -0.011761409 -0.038006026 52.384498596
-0.035776965 0.065611131 -0.997202039 13.613651276 0.014191114 0.997774780 0.065139614 -0.403191924 0.999258399 -0.011820903 -0.036628358 52.356502533
-0.033903647 0.066202939 -0.997228384 12.917119980 0.013978922 0.997736990 0.065761395 -0.369806647 0.999326706 -0.011710619 -0.034752276 52.330314636
-0.031363372 0.065648012 -0.997348189 12.232667923 0.013814562 0.997773409 0.065241523 -0.333233267 0.999411941 -0.011731725 -0.032200340 52.306129456
-0.028049948 0.064738996 -0.997506261 11.560463905 0.013690606 0.997831404 0.064375065 -0.301708400 0.999512136 -0.011850739 -0.028875332 52.282825470
-0.025072638 0.062623121 -0.997720599 10.912796021 0.013569790 0.997964919 0.062297404 -0.269746065 0.999592900 -0.011976889 -0.025871292 52.261165619
-0.021721156 0.061593432 -0.997863233 10.271399498 0.013597523 0.998025894 0.061307430 -0.240294442 0.999670982 -0.012236792 -0.022515683 52.240032196
-0.018355127 0.061364051 -0.997944951 9.658309937 0.014305294 0.998028338 0.061106008 -0.213982940 0.999728620 -0.013154281 -0.019196652 52.225265503
-0.015692301 0.062228903 -0.997936845 9.057909012 0.015342250 0.997958481 0.061988950 -0.184892192 0.999758601 -0.014337841 -0.016614877 52.213981628
-0.013077534 0.063500017 -0.997894406 8.478706360 0.016037185 0.997865975 0.063287988 -0.158332199 0.999785304 -0.015175762 -0.014067864 52.198619843
-0.011403306 0.063996889 -0.997883201 7.925308704 0.017151378 0.997815073 0.063796476 -0.134884760 0.999787331 -0.016387580 -0.012475899 52.191261292
-0.010612437 0.064136207 -0.997883022 7.379158974 0.018497759 0.997782350 0.063932963 -0.112554260 0.999772072 -0.017780116 -0.011775150 52.187915802
-0.009580593 0.064911880 -0.997843325 6.847019672 0.019756164 0.997707844 0.064713344 -0.089913934 0.999758422 -0.019093568 -0.010840913 52.185302734
-0.008508741 0.064613156 -0.997872412 6.325149536 0.020793518 0.997705400 0.064425007 -0.067102402 0.999747038 -0.020201107 -0.009832622 52.181209564
-0.007900765 0.063891388 -0.997923851 5.823663712 0.022639284 0.997711897 0.063698538 -0.044784579 0.999711871 -0.022089023 -0.009329012 52.178993225
-0.008251918 0.063338384 -0.997956276 5.340661049 0.024869410 0.997695863 0.063116170 -0.024325870 0.999656022 -0.024297768 -0.009807963 52.177177429
-0.009479426 0.062755376 -0.997982204 4.882335186 0.027399747 0.997669935 0.062475432 -0.005917408 0.999579012 -0.026752247 -0.011176691 52.172100067
-0.013111091 0.062220331 -0.997974634 4.429911137 0.029831368 0.997641802 0.061807618 0.012122529 0.999468386 -0.028960604 -0.014936168 52.166282654
-0.020506850 0.061947804 -0.997867048 3.996532679 0.032283198 0.997598767 0.061267659 0.031781595 0.999267757 -0.030957956 -0.022457371 52.153129578
-0.032077786 0.061883040 -0.997566164 3.582714081 0.034476701 0.997555554 0.060773708 0.050767221 0.998889983 -0.032443330 -0.034132801 52.133998871
-0.046910621 0.061958648 -0.996974051 3.189945221 0.036275938 0.997521341 0.060285728 0.066230059 0.998239577 -0.033338156 -0.049041882 52.105773926
-0.064590365 0.062533833 -0.995948970 2.820447206 0.036817748 0.997504056 0.060243681 0.077151679 0.997231901 -0.032777462 -0.066731460 52.066390991
-0.085650176 0.063903093 -0.994272172 2.468781471 0.037265338 0.997447789 0.060896978 0.088417530 0.995627522 -0.031836078 -0.087812938 52.014400482
-0.111020446 0.064248830 -0.991737425 2.139905691 0.039286677 0.997411370 0.060218405 0.099547938 0.993040681 -0.032276619 -0.113257214 51.955333710
-0.142955214 0.063138105 -0.987711430 1.828352809 0.041971698 0.997451663 0.057685968 0.108550765 0.988838136 -0.033209447 -0.145241022 51.886455536
-0.179733142 0.061411310 -0.981794834 1.524444580 0.042322222 0.997607589 0.054652601 0.119996130 0.982803881 -0.031728886 -0.181902364 51.799137115
-0.219126120 0.060674649 -0.973806322 1.227565169 0.040559214 0.997767806 0.053040922 0.130371898 0.974852443 -0.027874196 -0.221098110 51.692279816
-0.262198061 0.060442325 -0.963117480 0.942956746 0.037479009 0.997920871 0.052423187 0.141405746 0.964285254 -0.022351453 -0.263918519 51.568820953
-0.307839662 0.059600141 -0.949567735 0.672276914 0.035012715 0.998069108 0.051293559 0.152202144 0.950792968 -0.017456762 -0.309332371 51.431007385
-0.355201125 0.058347784 -0.932965100 0.414808631 0.034127533 0.998193562 0.049433995 0.166619554 0.934165835 -0.014280792 -0.356551200 51.286178589
-0.404521525 0.058020458 -0.912684023 0.173080295 0.033702437 0.998252690 0.048522450 0.172243223 0.913906336 -0.011131299 -0.405770719 51.131687164
-0.455383718 0.055915277 -0.888535500 -0.054252550 0.031338122 0.998413324 0.046768688 0.180179998 0.889742553 -0.006547326 -0.456414163 50.964221954
-0.505554020 0.053769413 -0.861115634 -0.266893119 0.029452495 0.998549283 0.045059610 0.187319800 0.862290978 -0.002581922 -0.506405056 50.785430908
-0.555088520 0.050774001 -0.830237865 -0.464199215 0.026304830 0.998706698 0.043489683 0.197210416 0.831374049 0.002301384 -0.555707157 50.596176147
-0.603754818 0.048386954 -0.795697808 -0.651272178 0.024646653 0.998811126 0.042037129 0.200769499 0.796787679 0.005768863 -0.604230642 50.394874573
-0.650368989 0.045433849 -0.758255959 -0.826020837 0.022845287 0.998927176 0.040259756 0.206820965 0.759273469 0.008861161 -0.650710344 50.177185059
-0.694775820 0.045986608 -0.717751980 -0.995500684 0.026428994 0.998911381 0.038417548 0.218497381 0.718739033 0.007722160 -0.695236146 49.945529938
-0.738807023 0.051691838 -0.671928763 -1.169610858 0.034361281 0.998645604 0.039044950 0.227000877 0.673038721 0.005758385 -0.739583969 49.701293945
-0.780153573 0.057019401 -0.622980952 -1.336078882 0.041118406 0.998357058 0.039884049 0.238502666 0.624233246 0.005499731 -0.781217813 49.440769196
-0.818367898 0.058552243 -0.571700692 -1.469340086 0.042617176 0.998239398 0.041232385 0.247715473 0.573109984 0.009379035 -0.819423974 49.168556213
-0.854498506 0.058021717 -0.516199291 -1.585147738 0.042185806 0.998210192 0.042367570 0.255691141 0.517735183 0.014426798 -0.855418503 48.880496979
-0.887162268 0.057688363 -0.457833141 -1.685613990 0.042746063 0.998161852 0.042940501 0.263696969 0.459470153 0.018524691 -0.887999237 48.574569702
-0.915175855 0.056964740 -0.399003983 -1.770850062 0.043971431 0.998163283 0.041649900 0.271651417 0.400645018 0.020572271 -0.916001618 48.256599426
-0.938098073 0.056374766 -0.341745555 -1.840391636 0.045821935 0.998191774 0.038880728 0.281076372 0.343320698 0.020814555 -0.938986838 47.927234650
-0.956701756 0.055238262 -0.285773963 -1.893542647 0.046973445 0.998257041 0.035700843 0.287907630 0.287249029 0.020731330 -0.957630873 47.588298798
-0.970997453 0.054138359 -0.232871562 -1.934726954 0.047871750 0.998324275 0.032482512 0.292503655 0.234240904 0.020392524 -0.971964002 47.224006653
-0.981704652 0.050958339 -0.183453962 -1.962232709 0.046312686 0.998489738 0.029522177 0.295996249 0.184682250 0.020485872 -0.982584059 46.852806091
-0.988931537 0.050519269 -0.139493048 -1.988384962 0.047415242 0.998549044 0.025488731 0.299742877 0.140579179 0.018592566 -0.989894211 46.458557129
-0.993384659 0.051391292 -0.102673613 -2.005301237 0.049476530 0.998551130 0.021111231 0.306411028 0.103610560 0.015891688 -0.994490325 46.059947968
-0.996085107 0.051030930 -0.072155401 -2.012823105 0.049926303 0.998606622 0.017031856 0.313324600 0.072924703 0.013362769 -0.997247279 45.644962311
-0.997623205 0.049732849 -0.047652178 -2.010663271 0.049068764 0.998681605 0.015006918 0.317839473 0.048336323 0.012633058 -0.998750567 45.207118988
-0.998465717 0.047400746 -0.028556613 -2.001820803 0.046986099 0.998781562 0.015020968 0.321317762 0.029234409 0.013656204 -0.999478638 44.751403809
-0.998814523 0.046708349 -0.013565106 -1.993227005 0.046498578 0.998798788 0.015389231 0.323307782 0.014268165 0.014740277 -0.999788940 44.277656555
-0.998853505 0.047790885 -0.001970666 -1.985427022 0.047754996 0.998739243 0.015404949 0.328274071 0.002704918 0.015293227 -0.999878764 43.790355682
-0.998794198 0.048550900 0.007005859 -1.975655675 0.048654489 0.998694956 0.015460582 0.330776900 -0.006245592 0.015782854 -0.999855280 43.288848877
-0.998727739 0.048531789 0.013551679 -1.960819721 0.048736025 0.998695433 0.015169677 0.333643377 -0.012797305 0.015810881 -0.999792457 42.772830963
-0.998681307 0.048132390 0.017751340 -1.944576263 0.048386935 0.998726666 0.014199065 0.336974323 -0.017044831 0.015039319 -0.999740958 42.241088867
-0.998679698 0.047414552 0.019666504 -1.925802469 0.047680698 0.998773098 0.013291376 0.341306746 -0.019011706 0.014211585 -0.999717593 41.692718506
-0.998711407 0.046643361 0.019896295 -1.907719493 0.046902850 0.998816609 0.012780460 0.345414549 -0.019276161 0.013697230 -0.999719679 41.133045197
-0.998692989 0.047305860 0.019247686 -1.892739773 0.047557484 0.998785019 0.012831212 0.348907381 -0.018616844 0.013729857 -0.999731719 40.554866791
-0.998594105 0.049647275 0.018464843 -1.881049395 0.049885415 0.998673558 0.012666589 0.353314728 -0.017811021 0.013569951 -0.999748588 39.966022491
-0.998554289 0.050571930 0.018101184 -1.866252899 0.050817378 0.998617470 0.013365465 0.356537193 -0.017399771 0.014266043 -0.999746144 39.360244751
-0.998536050 0.050798792 0.018468890 -1.852867246 0.051065933 0.998591959 0.014291104 0.361380845 -0.017716445 0.015213361 -0.999726653 38.742916107
-0.998443246 0.052048802 0.019946819 -1.836854815 0.052350115 0.998516738 0.014892064 0.365723193 -0.019141652 0.015913147 -0.999689519 38.107463837
-0.998330891 0.053055115 0.022724880 -1.819087863 0.053434193 0.998435497 0.016410580 0.368485123 -0.021818202 0.017597526 -0.999606431 37.463771820
-0.998211563 0.053629771 0.026333934 -1.800010204 0.054128520 0.998359621 0.018605173 0.372977108 -0.025292495 0.019997373 -0.999479413 36.816452026
-0.998060048 0.054617289 0.029815665 -1.776530623 0.055232480 0.998267889 0.020213483 0.377379179 -0.028659573 0.021821126 -0.999350369 36.170494080
-0.997954547 0.054514281 0.033327628 -1.750388741 0.055212148 0.998265445 0.020389378 0.380912423 -0.032157872 0.022187827 -0.999235809 35.527324677
-0.997824907 0.054619152 0.036849298 -1.721830726 0.055375420 0.998267829 0.019823227 0.385348260 -0.035702311 0.021820720 -0.999123514 34.887779236
-0.997633874 0.055348106 0.040729716 -1.691121340 0.056147009 0.998245716 0.018737884 0.389574975 -0.039620735 0.020980461 -0.998993814 34.249633789
-0.997397721 0.055869479 0.045519415 -1.658399820 0.056717757 0.998234808 0.017560348 0.392697930 -0.044457570 0.020096468 -0.998808444 33.616771698
-0.997188151 0.055441942 0.050375249 -1.622089863 0.056354612 0.998267174 0.016879542 0.395741731 -0.049351726 0.019671014 -0.998587072 32.986728668
-0.996997476 0.055340230 0.054121781 -1.583512306 0.056318678 0.998271883 0.016721725 0.396847248 -0.053102478 0.019719642 -0.998393714 32.356803894
-0.996865094 0.055036273 0.056804184 -1.541339993 0.056053210 0.998291075 0.016465185 0.398071170 -0.055800542 0.019597681 -0.998248935 31.725635529
-0.996739447 0.055054553 0.058951557 -1.499190927 0.056126483 0.998283386 0.016682412 0.400815904 -0.057931535 0.019936817 -0.998120844 31.099052429
-0.996559203 0.056024909 0.061048225 -1.460637331 0.057178020 0.998213112 0.017306061 0.400023490 -0.059969187 0.020737186 -0.997984171 30.474794388
-0.996386647 0.056780931 0.063131176 -1.421387076 0.057986856 0.998164237 0.017434414 0.398286819 -0.062024966 0.021032251 -0.997852325 29.862716675
-0.996286333 0.056333214 0.065084606 -1.380538106 0.057561714 0.998193681 0.017154742 0.396990210 -0.064000294 0.020837473 -0.997731626 29.255132675
-0.996156454 0.056638815 0.066784278 -1.337337136 0.057874847 0.998182952 0.016718326 0.396457344 -0.065715663 0.020519255 -0.997626722 28.655364990
-0.996101618 0.056127749 0.068022661 -1.295706511 0.057374571 0.998215258 0.016514240 0.395474166 -0.066973999 0.020352688 -0.997546434 28.070714951
-0.996076882 0.055300664 0.069054909 -1.256605506 0.056550387 0.998266220 0.016273445 0.399114072 -0.068034910 0.020114740 -0.997479498 27.492811203
-0.996108532 0.054697607 0.069078840 -1.214796066 0.055945508 0.998300552 0.016259089 0.397962421 -0.068071768 0.020060524 -0.997478068 26.922845840
-0.996151447 0.053806994 0.069159023 -1.172596574 0.055047113 0.998352230 0.016150318 0.397046953 -0.068175726 0.019895226 -0.997474313 26.361635208
-0.996185780 0.052846406 0.069405265 -1.130373120 0.054094352 0.998403072 0.016223794 0.396304756 -0.068436734 0.019916404 -0.997456014 25.808195114
-0.996247113 0.051506590 0.069532119 -1.088121295 0.052761514 0.998472631 0.016331853 0.396305978 -0.068584397 0.019939240 -0.997445405 25.256370544
-0.996272624 0.051531494 0.069147713 -1.048167586 0.052750196 0.998479962 0.015913859 0.396213919 -0.068222217 0.019502157 -0.997478843 24.714710236
-0.996258676 0.052566513 0.068567194 -1.011402249 0.053644862 0.998461246 0.013979430 0.394022107 -0.067726515 0.017605463 -0.997547925 24.180824280
-0.996358156 0.052407995 0.067230381 -0.971608102 0.053369358 0.998494565 0.012582035 0.393331796 -0.066469438 0.016124306 -0.997657537 23.654817581
-0.996536136 0.051445458 0.065307774 -0.935454667 0.052443318 0.998529494 0.013656061 0.394220918 -0.064508863 0.017033767 -0.997771084 23.137786865
-0.996843815 0.047610827 0.063493736 -0.895637751 0.048783913 0.998662770 0.017053420 0.397946060 -0.062596567 0.020097131 -0.997835875 22.631885529
-0.997095704 0.044204570 0.061983045 -0.857704043 0.045542169 0.998754442 0.020334525 0.399669021 -0.061006621 0.023098381 -0.997869372 22.136756897
-0.997124135 0.044184003 0.061537616 -0.827643633 0.045737989 0.998662353 0.024075780 0.399699718 -0.060391188 0.026821230 -0.997813702 21.653648376
-0.997041225 0.045817368 0.061686609 -0.801102757 0.047580022 0.998490214 0.027413853 0.397196472 -0.060337096 0.030267879 -0.997718334 21.184463501
-0.996993124 0.045781866 0.062486056 -0.771868467 0.047671877 0.998438179 0.029097488 0.396402925 -0.061055984 0.031988911 -0.997620881 20.730319977
-0.997154057 0.042339191 0.062345039 -0.736804247 0.044157185 0.998629034 0.028075773 0.399745464 -0.061070517 0.030748937 -0.997658968 20.295497894
-0.997360289 0.038308788 0.061648458 -0.701940060 0.039983734 0.998856604 0.026168019 0.405775547 -0.060575161 0.028563960 -0.997754097 19.875389099
-0.997440517 0.036296200 0.061568491 -0.671103060 0.037949570 0.998942971 0.025899963 0.411347270 -0.060562994 0.028170252 -0.997766018 19.464393616
-0.997427583 0.037075974 0.061312895 -0.647312820 0.038807508 0.998872876 0.027294645 0.414989054 -0.060231466 0.029603917 -0.997744560 19.066061020
-0.997407794 0.038115364 0.060997032 -0.624853373 0.039938685 0.998781443 0.028956400 0.416831255 -0.059818674 0.031317569 -0.997717083 18.677894592
-0.997407198 0.038403377 0.060825631 -0.600887537 0.040240936 0.998759925 0.029278189 0.418385118 -0.059625477 0.031650048 -0.997718155 18.293550491
-0.997386813 0.038059037 0.061374266 -0.575207353 0.039904468 0.998777807 0.029127646 0.421807259 -0.060190339 0.031500727 -0.997688949 17.910459518
-0.997340798 0.037407298 0.062511548 -0.548199654 0.039322089 0.998784482 0.029686041 0.425038099 -0.061324749 0.032065280 -0.997601867 17.532480240
-0.997266889 0.037522994 0.063611783 -0.523207843 0.039503496 0.998762965 0.030167010 0.427907854 -0.062400792 0.032597546 -0.997517884 17.154008865
-0.997209847 0.038015891 0.064210832 -0.498326540 0.040000010 0.998751223 0.029901719 0.432738215 -0.062993556 0.032386817 -0.997487485 16.781454086
-0.997196019 0.038141083 0.064351566 -0.473378092 0.040094130 0.998764217 0.029335486 0.439475030 -0.063152820 0.031833440 -0.997495234 16.406223297
-0.997205138 0.037727240 0.064453669 -0.446302205 0.039644621 0.998799682 0.028732076 0.446126550 -0.063291989 0.031207101 -0.997506201 16.035808563
-0.997146726 0.038853131 0.064687908 -0.422607511 0.040650785 0.998815477 0.026708467 0.449091554 -0.063573234 0.029261958 -0.997547269 15.667853355
-0.997103393 0.039940141 0.064693093 -0.399381816 0.041667640 0.998803258 0.025576608 0.451314420 -0.063593790 0.028198214 -0.997576594 15.299231529
-0.997121930 0.039933648 0.064409897 -0.374544084 0.041684512 0.998789787 0.026071375 0.455509216 -0.063290477 0.028681321 -0.997582078 14.930181503
-0.997185946 0.039678019 0.063571550 -0.349729568 0.041397016 0.998804748 0.025954338 0.461250991 -0.062465403 0.028513057 -0.997638881 14.555324554
-0.997257710 0.040390067 0.061978351 -0.327366024 0.042018734 0.998798013 0.025202509 0.466538846 -0.060885571 0.027737729 -0.997758389 14.173580170
-0.997328043 0.042013876 0.059725430 -0.306366533 0.043387063 0.998817742 0.021882756 0.469801188 -0.058735080 0.024415668 -0.997974098 13.789859772
-0.997442305 0.041706007 0.058008060 -0.282777339 0.042698782 0.998959184 0.015980491 0.471897453 -0.057280838 0.018416548 -0.998187363 13.400183678
-0.997535408 0.040886253 0.056980800 -0.256693780 0.041789345 0.999016643 0.014747720 0.469248921 -0.056321420 0.017092617 -0.998265505 13.004769325
-0.997577548 0.040764261 0.056326583 -0.232657075 0.041708216 0.999005735 0.015684931 0.474568278 -0.055630825 0.017996270 -0.998288333 12.597045898
-0.997606874 0.040901583 0.055703182 -0.208367035 0.041864190 0.998990595 0.016224273 0.483177066 -0.054982983 0.018517472 -0.998314679 12.185311317
-0.997616231 0.040969875 0.055485301 -0.183360726 0.041872580 0.999006271 0.015204707 0.490262270 -0.054806855 0.017491831 -0.998342872 11.770506859
-0.997602940 0.041492838 0.055335492 -0.158969313 0.042336456 0.999002099 0.014160460 0.495548129 -0.054692335 0.016469277 -0.998366535 11.353294373
-0.997618079 0.041560434 0.055010203 -0.133325621 0.042556264 0.998947501 0.017055774 0.492323458 -0.054243080 0.019356236 -0.998339236 10.928322792
-0.997762799 0.038700715 0.054469492 -0.103310086 0.039840393 0.999005020 0.019994482 0.488383770 -0.053641114 0.022119904 -0.998314321 10.500703812
-0.997816324 0.038025066 0.053962264 -0.076788113 0.039059505 0.999069333 0.018245500 0.491098851 -0.053217873 0.020313460 -0.998375356 10.065342903
-0.997802615 0.038672574 0.053755201 -0.053001247 0.039563589 0.999094129 0.015610455 0.496896505 -0.053102426 0.017702958 -0.998431146 9.631980896
-0.997796595 0.039718732 0.053100213 -0.028991837 0.040488150 0.999087930 0.013492726 0.501240909 -0.052515484 0.015612977 -0.998497069 9.189143181
-0.997850835 0.038832050 0.052735880 -0.002672423 0.039533805 0.999141216 0.012328953 0.503528953 -0.052211445 0.014387354 -0.998531461 8.740194321
-0.997914255 0.038069349 0.052086554 0.024101457 0.038750745 0.999174297 0.012134656 0.504595935 -0.051581193 0.014127787 -0.998567939 8.283117294
-0.998007834 0.036931489 0.051102936 0.050441645 0.037583869 0.999222159 0.011863961 0.505576372 -0.050624635 0.013761019 -0.998622000 7.821880817
-0.998062372 0.037100639 0.049900625 0.073477127 0.037770178 0.999206841 0.012541503 0.505520940 -0.049395345 0.014402006 -0.998674512 7.352534771
-0.998106480 0.037252307 0.048896104 0.097084939 0.037950233 0.999188602 0.013423039 0.506558299 -0.048355985 0.015253291 -0.998712718 6.881223679
-0.998165846 0.037123065 0.047768489 0.121265575 0.037808277 0.999192715 0.013521000 0.507859945 -0.047227573 0.015302295 -0.998765945 6.407504082
-0.998192728 0.038296562 0.046256021 0.143675268 0.038978055 0.999142289 0.013921192 0.509122193 -0.045682795 0.015699053 -0.998831630 5.928691387
-0.998165131 0.040279333 0.045154821 0.161787525 0.040925611 0.999070525 0.013479527 0.508121610 -0.044569485 0.015302832 -0.998888075 5.452877045
-0.998228908 0.039907433 0.044061441 0.183727533 0.040547803 0.999082446 0.013735615 0.507139266 -0.043472439 0.015497933 -0.998933375 4.975852013
-0.998312175 0.039268997 0.042727891 0.208002955 0.039911222 0.999100447 0.014281685 0.509299457 -0.042128202 0.015962955 -0.998983681 4.500876904
-0.998396456 0.038214836 0.041702420 0.230302036 0.038867831 0.999131680 0.014960589 0.511009932 -0.041094061 0.016557537 -0.999017060 4.030893803
-0.998444021 0.038142897 0.040615972 0.251940370 0.038798980 0.999126315 0.015488338 0.512119710 -0.039989285 0.017040152 -0.999053776 3.563204050
-0.998429358 0.039435443 0.039731592 0.268875062 0.040079501 0.999074936 0.015544957 0.511389613 -0.039081380 0.017113019 -0.999088407 3.096379519
-0.998400807 0.041228995 0.038613960 0.284006298 0.041893680 0.998984158 0.016564190 0.508810401 -0.037891373 0.018155439 -0.999115884 2.635567904
-0.998416960 0.042768408 0.036461223 0.300480783 0.043380838 0.998927116 0.016172880 0.509089112 -0.035729975 0.017729053 -0.999203205 2.177199364
-0.998480737 0.042588763 0.034890339 0.316918880 0.043133076 0.998956203 0.014997900 0.508817255 -0.034214731 0.016480098 -0.999277651 1.723174214
-0.998580992 0.041226301 0.033633616 0.334600508 0.041686278 0.999044478 0.013090082 0.507887602 -0.033061374 0.014473622 -0.999347508 1.274731636
-0.998735666 0.039109200 0.031503901 0.354056656 0.039464634 0.999162734 0.010739349 0.506812990 -0.031057060 0.011969109 -0.999444962 0.825832844
-0.998782396 0.039444193 0.029543750 0.367244989 0.039761588 0.999156237 0.010232517 0.504063964 -0.029114749 0.011394810 -0.999510169 0.385938317
-0.998776138 0.041016832 0.027546221 0.376992196 0.041325629 0.999087453 0.010734229 0.503058791 -0.027080338 0.011859504 -0.999561906 -0.055107355
-0.998728037 0.043558601 0.025294382 0.383218408 0.043858550 0.998971820 0.011424934 0.501965165 -0.024770254 0.012519823 -0.999613762 -0.487064302
-0.998745024 0.044803906 0.022267928 0.389840633 0.045062251 0.998920381 0.011235791 0.501181960 -0.021740006 0.012225179 -0.999687910 -0.919183373
-0.998904347 0.043255944 0.017718662 0.398372591 0.043433696 0.999007940 0.009769840 0.498001099 -0.017277999 0.010528766 -0.999794245 -1.347476840
-0.999182940 0.038495015 0.012100616 0.408378214 0.038610473 0.999208987 0.009453836 0.493093878 -0.011726627 0.009913366 -0.999881029 -1.774196386
